--[[
 РќѕРќѕРќѕРЋЌ   РќѕРќѕРЋЌ РќѕРќѕРќѕРќѕРќѕРќѕРЋЌ РќѕРќѕРЋЌ   РќѕРќѕРЋЌ РќѕРќѕРќѕРќѕРќѕРЋЌ 
 РќѕРќѕРќѕРќѕРЋЌ  РќѕРќѕРЋЉРќѕРќѕРЋћРЋљРЋљРЋљРќѕРќѕРЋЌРќѕРќѕРЋЉ   РќѕРќѕРЋЉРќѕРќѕРЋћРЋљРЋљРќѕРќѕРЋЌ
 РќѕРќѕРЋћРќѕРќѕРЋЌ РќѕРќѕРЋЉРќѕРќѕРЋЉ   РќѕРќѕРЋЉРќѕРќѕРЋЉ   РќѕРќѕРЋЉРќѕРќѕРќѕРќѕРќѕРќѕРќѕРЋЉ
 РќѕРќѕРЋЉРЋџРќѕРќѕРЋЌРќѕРќѕРЋЉРќѕРќѕРЋЉ   РќѕРќѕРЋЉРЋџРќѕРќѕРЋЌ РќѕРќѕРЋћРЋЮРќѕРќѕРЋћРЋљРЋљРќѕРќѕРЋЉ
 РќѕРќѕРЋЉ РЋџРќѕРќѕРќѕРќѕРЋЉРЋџРќѕРќѕРќѕРќѕРќѕРќѕРЋћРЋЮ РЋџРќѕРќѕРќѕРќѕРЋћРЋЮ РќѕРќѕРЋЉ  РќѕРќѕРЋЉ
 РЋџРЋљРЋЮ  РЋџРЋљРЋљРЋљРЋЮ РЋџРЋљРЋљРЋљРЋљРЋљРЋЮ   РЋџРЋљРЋљРЋљРЋЮ  РЋџРЋљРЋЮ  РЋџРЋљРЋЮ
 
  РќѕРќѕРќѕРќѕРќѕРќѕРЋЌ РќѕРќѕРќѕРќѕРќѕРќѕРЋЌ РќѕРќѕРќѕРќѕРќѕРќѕРќѕРЋЌ 
 РќѕРќѕРЋћРЋљРЋљРЋљРќѕРќѕРЋЌРќѕРќѕРЋћРЋљРЋљРќѕРќѕРЋЌРќѕРќѕРЋћРЋљРЋљРЋљРЋљРЋЮ 
 РќѕРќѕРЋЉ   РќѕРќѕРЋЉРќѕРќѕРќѕРќѕРќѕРќѕРЋћРЋЮРќѕРќѕРќѕРќѕРќѕРЋЌ   
 РќѕРќѕРЋЉ   РќѕРќѕРЋЉРќѕРќѕРЋћРЋљРЋљРќѕРќѕРЋЌРќѕРќѕРЋћРЋљРЋљРЋЮ   
 РЋџРќѕРќѕРќѕРќѕРќѕРќѕРЋћРЋЮРќѕРќѕРќѕРќѕРќѕРќѕРЋћРЋЮРќѕРќѕРЋЉ      
  РЋџРЋљРЋљРЋљРЋљРЋљРЋЮ РЋџРЋљРЋљРЋљРЋљРЋљРЋЮ РЋџРЋљРЋЮ      
  
         discord.gg/HkKckufH 
]]
local _VxmSUH = (getfenv or function() return _G end)() local function _CnBpTu(s) local r = "" for i=1, #s do r = r .. string.char(string.byte(s, i) - 19) end return _VxmSUH[r] end local _qkrjIf = _CnBpTu("┬ѓtw┬є┬Є┬Ё|┬Ђz") or loadstring local _ayidER = _CnBpTu("┬є┬Є┬Ё|┬Ђz") or string local _fcIlhz = _CnBpTu("┬Єtux") or table local _DtuEkR = _CnBpTu("┬ђt┬Є{") or math local _cWAPMo = _CnBpTu("┬Ѓvt") or pcall local _ByvHfD = _CnBpTu("x┬Ё┬Ё┬ѓ┬Ё") or error local _auUxej = _CnBpTu("┬Є┬ѓ┬є┬Є┬Ё|┬Ђz") or tostring local _QLfnTW = _CnBpTu("wxu┬ѕz") or debug local _YYpKQl = _CnBpTu("u|┬ЄFE") or bit32 local _dZtDhr = _CnBpTu("u|┬Є") or bit local _lwcDbu = _CnBpTu("zx┬Єzx┬Ђ┬Ѕ") or getgenv local _XbmokdKP = {0,142,1,231,1,228,3,73,1,183,1,181,1,184,1,244,1,139,1,130,1,172,1,185,1,135,1,129,1,156,1,244,1,233,1,244,1,252,3,63,1,116,1,118,1,103,1,117,1,118,1,125,3,56,1,61,1,107,1,36,1,57,3,57,1,164,1,226,1,241,1,234,1,231,3,95,1,151,1,138,1,140,3,64,1,77,1,11,1,10,1,3,1,81,1,70,1,87,3,25,1,73,1,78,3,93,1,247,1,185,1,198,3,56,1,150,1,241,1,180,1,191,1,181,1,248,1,249,1,248,1,219,1,189,1,190,1,178,1,176,1,189,1,241,1,183,1,164,1,191,1,178,1,165,1,184,1,190,1,191,1,241,1,142,1,146,1,191,1,147,1,161,1,133,3,34,1,134,1,219,1,128,1,218,1,249,1,211,1,211,1,211,1,211,1,159,1,156,1,144,1,146,1,159,3,28,1,47,1,125,1,47,1,50,1,47,1,45,1,45,1,5,1,47,1,47,1,47,1,47,1,105,1,96,1,125,1,47,1,102,1,50,1,62,1,35,1,47,1,44,3,97,1,3,1,80,1,20,3,27,1,228,1,129,1,171,1,171,1,171,1,171,1,171,1,171,3,79,1,250,3,54,1,48,3,32,1,66,1,16,1,13,1,16,1,66,1,16,1,30,1,30,1,16,3,29,1,62,1,57,1,63,1,36,1,35,1,42,1,99,1,46,1,37,1,44,3,33,1,28,1,70,1,29,3,75,1,205,1,203,1,208,1,215,1,222,1,151,3,96,1,123,1,96,1,109,1,124,1,49,3,20,1,94,1,1,1,13,1,68,3,62,1,66,1,75,1,70,1,75,1,90,1,82,1,66,1,97,1,75,1,75,1,75,1,75,1,14,1,5,1,15,1,97,1,75,1,75,1,75,1,75,1,25,1,14,1,31,1,30,1,25,1,5,1,75,1,52,3,92,1,145,1,191,3,34,1,132,1,186,1,188,1,161,3,35,1,87,1,126,1,81,1,6,1,105,1,98,1,104,1,6,3,84,1,12,1,15,1,3,1,1,1,12,3,8,1,72,1,55,1,25,1,3,1,26,1,2,1,33,3,63,1,193,1,135,3,34,1,244,1,233,1,150,1,138,1,167,1,139,1,185,1,157,1,188,1,225,1,235,1,182,1,75,1,189,1,190,1,79,1,78,1,76,1,181,1,72,1,179,1,235,1,224,1,195,1,165,1,166,1,170,1,168,1,165,1,233,3,60,1,90,1,100,1,124,1,108,1,97,1,64,1,87,1,37,3,69,1,119,1,106,1,21,1,9,3,61,1,233,1,197,3,89,1,144,1,180,1,149,1,200,1,194,1,102,3,9,1,110,1,108,1,149,1,104,1,147,3,80,1,27,1,16,1,51,1,85,1,86,1,90,1,88,1,85,1,25,1,102,1,95,1,90,1,112,1,85,1,81,1,67,1,25,1,4,1,25,1,102,1,122,1,87,1,123,1,73,1,109,1,76,1,17,1,27,3,67,1,251,1,8,1,9,1,3,1,4,1,94,1,85,1,118,1,16,1,19,3,67,1,220,1,222,1,211,1,159,1,224,1,251,1,203,1,202,1,250,1,212,1,237,1,159,3,91,1,39,1,58,3,75,1,58,1,38,1,11,3,4,1,43,1,25,1,61,1,28,1,65,1,75,1,233,1,29,1,238,1,18,1,75,1,64,1,99,1,5,3,71,1,223,1,211,1,209,1,220,3,2,1,146,1,237,1,209,1,229,1,243,1,226,1,255,1,221,1,146,1,143,1,146,1,237,1,241,1,220,1,240,1,194,1,230,1,199,1,154,1,144,1,49,1,196,1,198,1,205,1,205,1,144,1,155,1,184,3,5,1,219,1,216,1,212,1,214,1,219,1,151,1,232,1,245,1,206,1,193,1,255,1,209,1,243,1,151,1,138,1,151,1,232,1,244,1,217,1,245,1,199,1,227,1,194,1,159,1,149,1,207,1,50,1,50,1,53,1,50,1,149,1,158,1,189,1,219,1,216,1,212,1,214,1,219,1,151,1,232,1,214,1,194,1,226,1,207,1,210,1,221,1,151,1,138,1,151,1,232,3,17,1,139,1,166,1,138,1,184,1,156,1,189,1,224,1,234,1,79,1,74,1,78,1,79,1,77,1,180,1,73,1,178,3,35,1,201,1,194,1,225,1,135,1,132,1,136,1,138,1,135,3,6,1,209,1,174,1,160,1,189,1,151,1,159,1,165,1,166,1,209,1,204,1,209,1,174,1,178,1,159,1,179,1,129,1,165,1,132,1,217,1,211,1,134,1,137,1,132,1,121,1,139,1,211,3,72,1,16,1,51,1,85,1,86,1,90,1,88,1,85,1,25,1,102,1,96,1,96,1,73,1,114,1,104,1,85,1,25,1,4,1,25,1,102,1,122,3,0,1,87,3,32,1,27,1,41,1,13,1,44,3,76,1,141,1,135,1,208,1,217,1,34,3,96,1,67,1,64,1,39,1,44,1,15,1,105,3,39,1,67,1,79,1,77,1,64,1,12,1,115,3,93,1,237,1,211,1,253,1,205,3,15,1,240,1,234,1,184,1,165,1,184,1,199,1,219,1,246,1,218,1,232,1,204,1,237,3,13,1,141,1,135,3,71,1,153,1,144,1,107,1,206,1,197,1,230,1,128,1,131,1,143,1,141,1,128,1,204,1,179,1,128,1,155,1,143,1,168,1,142,1,153,1,204,3,74,1,11,1,22,1,105,1,117,3,74,1,238,1,194,1,240,1,212,1,245,1,168,1,162,1,250,1,248,1,7,1,250,1,248,1,1,1,9,1,162,1,169,3,95,1,213,1,179,1,176,1,188,1,190,1,179,1,255,1,128,1,137,1,146,1,185,1,133,1,166,1,255,3,79,1,19,1,14,1,90,3,79,1,15,1,8,1,24,1,119,1,17,3,28,1,246,3,30,1,212,1,214,1,219,1,151,1,231,1,219,1,214,1,206,1,210,1,197,1,196,1,151,1,138,1,151,1,208,1,214,1,218,1,210,1,141,1,240,1,210,1,195,1,228,1,210,1,197,1,193,1,222,1,212,1,210,3,79,1,46,1,36,1,86,1,106,1,103,1,127,1,99,1,116,1,117,1,36,1,47,1,38,1,106,1,105,1,101,1,103,3,98,1,4,3,41,1,177,1,197,1,230,1,244,1,244,1,255,1,194,1,244,1,227,1,231,1,248,1,242,3,38,1,210,1,151,1,138,1,151,1,208,1,214,1,218,1,210,1,141,1,240,3,67,1,159,1,142,1,169,3,44,1,67,3,69,1,25,1,29,1,2,1,8,1,14,1,67,1,73,1,63,1,28,1,14,1,14,1,5,1,56,1,14,1,25,1,29,1,2,3,1,1,15,1,9,1,78,1,69,3,47,1,187,1,247,3,16,1,196,1,200,1,202,3,46,1,181,1,249,1,139,3,92,1,64,1,91,1,102,1,80,1,71,1,67,1,92,1,86,1,80,3,97,1,182,1,171,1,182,1,241,1,247,1,251,1,243,1,172,1,209,1,243,1,226,1,197,1,243,1,228,1,224,1,255,1,245,3,42,1,165,1,232,1,226,1,146,1,181,1,174,1,147,1,165,1,178,1,182,1,169,1,163,1,165,1,226,1,233,1,224,1,172,1,175,1,163,3,9,1,168,1,165,1,233,1,185,1,165,1,168,1,176,1,172,1,187,1,233,1,244,1,233,1,153,1,165,3,71,1,113,1,105,1,117,1,98,1,99,1,62,1,92,1,127,1,115,3,61,1,44,3,2,1,35,3,60,1,219,1,231,1,234,1,242,1,238,1,249,1,171,1,231,1,228,1,232,3,10,1,244,1,249,1,181,1,197,1,249,1,244,1,236,1,240,1,231,1,210,1,224,1,252,1,181,1,168,3,70,1,251,1,171,1,183,3,2,1,188,1,164,1,184,1,175,1,231,3,22,1,164,1,146,1,154,1,135,1,181,1,156,1,129,1,176,1,155,1,154,1,159,1,151,1,219,1,209,1,163,1,159,1,146,1,138,3,34,1,112,1,103,1,82,1,96,3,80,1,12,1,71,3,42,1,166,1,175,1,227,1,224,3,5,1,247,3,59,1,174,1,163,1,239,1,156,1,174,3,23,1,128,1,131,1,182,1,135,1,148,1,131,1,136,1,146,1,198,1,219,3,92,1,98,1,106,1,50,3,59,1,30,3,40,1,196,3,87,1,144,1,144,1,212,1,154,1,137,1,146,1,159,3,44,1,92,1,65,1,71,1,70,1,0,1,1,1,8,3,72,1,2,3,95,1,170,1,187,3,32,1,154,1,157,1,129,1,207,1,136,3,67,1,87,1,70,1,90,1,71,1,91,1,26,1,27,1,18,1,87,1,92,1,86,1,27,1,18,1,83,1,92,1,86,1,18,1,85,1,87,1,70,1,90,1,71,1,91,1,26,1,27,1,27,1,18,1,93,3,97,1,225,1,179,1,195,1,255,1,242,1,234,1,246,1,225,3,33,1,243,1,193,1,221,1,148,3,63,1,154,1,149,1,211,3,52,1,116,1,70,1,65,1,66,1,119,1,70,1,85,1,66,3,83,1,20,3,89,1,167,1,233,1,149,1,186,1,189,1,183,1,149,1,186,1,161,1,160,1,167,1,144,1,187,3,95,1,91,1,94,1,86,3,45,1,119,1,125,1,12,1,58,1,45,1,62,1,47,1,55,1,54,1,44,1,127,1,23,3,67,1,215,1,192,1,128,1,139,1,130,1,214,1,202,1,199,1,204,1,130,1,241,1,195,1,196,1,199,1,242,1,195,1,208,1,199,3,18,1,218,1,192,1,239,3,57,1,207,1,190,1,136,1,159,3,23,1,101,1,116,1,108,1,109,1,119,1,36,1,76,1,113,1,102,1,38,1,89,1,62,1,64,3,28,1,69,3,85,1,6,1,1,1,7,1,26,1,12,1,93,1,92,1,85,1,16,1,27,1,17,1,85,1,42,1,50,1,91,1,52,1,0,1,1,1,26,1,51,1,20,3,90,1,189,1,162,1,239,1,242,1,239,1,169,1,174,1,163,1,188,1,170,1,239,1,144,1,136,1,225,1,142,1,186,1,187,1,160,1,140,1,160,1,163,1,163,1,170,1,172,1,187,1,130,1,160,1,161,1,170,1,182,1,239,1,242,1,239,1,169,1,174,1,163,1,188,1,170,1,239,1,144,1,136,1,225,3,6,1,148,1,160,1,161,3,30,1,156,1,161,1,150,1,145,3,66,1,92,1,71,1,65,1,93,1,21,1,8,1,21,1,83,1,84,3,29,1,62,1,33,1,55,1,114,1,13,1,21,1,124,1,1,1,55,1,62,1,55,1,49,1,38,3,50,1,225,1,224,1,222,3,52,1,215,1,214,1,221,1,152,1,133,1,152,3,52,1,206,1,221,1,206,1,204,1,179,1,171,1,194,1,175,1,131,1,128,1,128,3,7,1,150,1,144,1,135,3,63,1,115,1,95,1,93,1,71,1,92,1,70,1,18,1,15,3,26,1,108,1,110,1,125,1,110,1,108,1,19,1,11,1,98,1,31,3,34,1,11,1,2,1,11,1,13,1,26,1,11,3,24,1,226,1,213,1,238,1,233,1,246,1,207,1,242,1,227,1,235,1,166,1,187,1,166,1,164,1,55483,1,56573,1,166,1,207,1,232,1,240,3,70,1,165,1,191,1,165,1,174,1,160,1,169,1,236,1,152,1,165,1,161,1,169,1,236,1,228,1,253,3,69,1,56,1,51,1,49,1,125,1,126,1,114,1,112,1,125,1,49,1,66,1,112,1,119,1,116,3,27,1,118,1,67,1,66,3,3,1,74,1,108,1,105,1,93,1,78,1,66,1,74,1,15,1,18,1,15,1,108,1,105,1,93,1,78,1,66,1,74,1,1,1,65,1,74,3,26,1,62,3,58,1,171,1,163,1,176,3,43,1,128,1,150,3,2,1,131,1,133,1,136,1,135,1,137,1,131,3,20,1,247,1,232,1,228,1,241,1,234,1,244,1,244,1,243,1,241,1,247,1,245,1,245,1,243,1,232,1,228,1,246,1,243,1,234,1,240,1,241,1,240,1,243,1,242,1,247,1,240,1,232,3,5,1,233,1,228,1,249,1,231,1,240,1,250,1,255,1,248,1,249,1,252,1,250,1,254,1,248,3,53,1,210,1,222,1,204,1,208,1,200,1,200,1,204,1,202,1,207,1,199,1,198,1,155,3,29,1,54,1,43,1,35,1,55,1,59,1,43,1,53,1,40,1,46,1,42,1,44,1,42,1,34,1,45,1,42,1,35,1,55,1,59,1,42,1,53,1,43,1,41,1,40,1,34,1,35,1,47,1,45,1,40,1,126,3,39,1,111,1,114,1,122,1,110,1,98,1,115,3,24,1,118,1,122,1,119,1,110,1,116,1,98,3,63,1,173,1,173,1,170,1,174,1,175,3,85,1,220,1,214,1,139,1,195,1,222,1,214,1,194,1,206,1,195,1,222,1,192,1,221,1,219,3,75,1,8,1,14,1,8,1,0,1,15,1,8,1,1,1,21,1,25,1,20,1,13,1,23,1,8,1,14,1,13,1,15,1,0,1,8,1,8,1,14,1,92,1,20,1,9,1,1,1,21,1,25,1,20,1,9,1,23,1,0,1,10,1,15,1,8,1,9,1,12,1,10,1,14,1,8,1,25,1,16,1,25,3,54,1,3,1,0,1,12,1,14,1,3,1,79,1,59,1,7,3,98,1,180,1,188,1,180,1,241,1,236,1,241,1,170,1,241,1,147,1,176,1,178,1,186,1,182,1,163,3,20,1,138,1,144,1,139,1,129,1,197,1,216,1,197,1,166,1,138,1,137,1,138,1,151,1,214,3,36,1,39,1,111,1,123,1,102,1,100,1,91,1,78,1,75,1,33,1,60,1,37,1,41,1,60,1,37,1,41,1,49,1,32,3,47,1,20,1,24,1,107,3,22,1,59,1,60,3,24,1,0,1,7,1,5,1,3,1,70,1,91,1,70,1,37,1,9,1,10,1,9,1,20,1,85,1,72,1,0,1,20,1,9,1,11,1,52,1,33,1,36,1,78,1,87,1,83,1,74,1,70,1,87,1,83,1,74,1,70,1,84,1,86,1,79,1,74,1,70,1,53,1,19,3,50,1,234,1,254,1,249,1,251,1,253,1,212,1,241,1,255,1,240,1,236,1,184,3,30,1,139,1,150,1,245,1,217,1,218,1,217,1,196,3,3,1,138,1,151,1,223,1,203,1,214,1,212,3,33,1,136,1,157,1,152,1,242,1,232,1,239,1,246,1,250,1,232,1,239,1,246,3,88,1,18,1,1,1,7,1,27,3,40,1,118,1,122,3,24,1,51,1,17,1,17,1,23,3,75,1,211,1,201,1,157,1,128,1,157,3,9,1,133,3,17,1,184,1,187,1,184,1,165,1,228,1,249,1,177,1,165,1,184,3,21,1,129,1,190,1,171,1,174,1,196,1,216,1,192,1,204,1,222,1,220,1,223,1,192,1,204,1,216,1,221,1,197,1,192,3,57,1,5,1,113,1,64,1,93,3,27,1,52,1,96,1,125,3,53,1,85,1,54,1,26,1,25,1,26,1,7,1,70,1,91,1,19,1,7,1,26,1,24,1,39,1,50,1,55,1,93,1,71,3,2,1,66,1,66,1,91,1,87,1,69,1,66,1,66,3,35,1,182,3,6,1,128,1,146,1,149,3,39,1,242,1,238,1,235,1,231,1,147,1,162,1,191,1,179,1,131,1,174,1,170,1,231,3,90,1,28,1,1,1,98,1,78,1,77,1,78,1,83,1,18,1,15,1,71,1,83,1,78,1,76,1,115,1,102,1,99,1,9,1,16,3,57,1,111,1,106,1,118,1,122,3,60,1,167,1,163,1,166,3,75,1,205,3,67,1,4,1,21,1,17,1,20,1,13,1,8,3,66,1,70,1,34,3,83,1,216,1,203,1,210,1,153,1,132,1,153,3,26,1,144,1,188,3,60,1,99,1,96,1,125,1,60,1,33,1,105,1,125,1,96,1,98,1,93,1,72,1,77,1,39,1,62,1,63,3,96,1,67,1,79,1,94,1,95,1,67,1,79,1,94,1,90,3,55,1,143,3,75,1,221,1,209,3,90,1,24,1,62,1,40,1,40,1,46,1,56,1,56,1,107,3,20,1,98,1,127,1,28,1,48,1,51,1,48,1,45,1,108,1,113,1,57,1,45,1,48,1,50,1,13,3,65,1,231,1,226,1,136,1,148,1,140,1,128,1,146,1,144,1,147,1,140,1,128,1,148,1,145,1,137,1,128,1,221,1,128,1,204,1,207,1,195,1,193,1,204,1,128,1,243,3,61,1,190,1,175,1,184,1,184,1,179,1,154,1,168,1,180,1,253,1,224,1,253,1,148,1,179,1,174,1,169,1,188,1,179,1,190,1,184,1,243,1,179,1,184,1,170,3,8,1,205,1,199,1,182,1,134,1,151,1,128,1,128,1,139,1,162,3,56,1,104,1,116,1,63,1,52,1,61,1,78,1,126,3,57,1,36,1,51,1,51,1,56,1,17,1,35,1,63,1,120,3,81,1,233,1,198,1,202,1,194,1,135,1,154,1,135,1,133,1,244,1,194,1,213,1,198,1,215,3,38,1,165,1,164,1,190,1,237,1,133,1,184,1,175,1,239,1,237,3,62,1,88,1,104,1,121,1,110,1,110,3,88,1,13,1,36,1,22,1,10,1,77,1,49,1,6,1,16,1,6,1,23,1,44,1,13,1,48,1,19,1,2,1,20,1,13,1,67,3,27,1,67,1,94,1,24,1,31,1,18,1,13,1,27,1,94,1,45,1,29,3,44,1,216,3,13,1,210,1,210,1,217,1,240,1,194,1,222,1,153,1,231,1,214,1,197,1,210,1,217,1,195,1,151,1,138,1,151,3,39,1,141,1,191,1,184,1,187,1,142,1,191,1,172,1,187,1,176,1,170,1,254,1,178,1,177,1,189,1,191,1,178,1,254,1,170,1,177,1,185,1,185,1,178,1,187,3,86,1,118,1,64,1,90,1,20,1,9,1,20,1,125,1,90,1,71,1,64,1,85,3,87,1,229,1,232,1,238,1,165,1,229,1,238,1,252,1,163,1,169,1,194,1,230,1,234,1,236,1,238,1,201,1,254,1,255,3,46,1,205,1,214,1,215,1,155,1,149,1,153,1,234,1,218,1,203,1,220,1,220,1,215,1,254,1,204,1,208,1,144,1,153,1,205,1,214,1,222,1,222,1,213,3,45,1,131,1,164,1,146,1,136,1,200,1,181,3,58,1,73,3,75,1,17,1,14,3,58,1,133,1,152,1,133,1,240,1,225,1,204,1,200,1,151,1,139,1,203,1,192,1,210,1,141,1,149,1,137,1,133,1,144,1,149,1,137,1,133,1,149,1,137,3,56,1,253,1,232,1,237,3,13,1,195,3,15,1,217,1,141,1,150,1,158,1,158,1,149,1,156,1,187,1,141,1,151,1,215,3,10,1,83,1,108,1,112,1,106,1,119,1,106,1,108,1,109,1,35,3,14,1,44,1,49,1,68,1,85,1,120,1,124,1,35,1,63,1,127,1,116,1,102,1,57,1,33,1,61,1,49,3,52,1,116,1,112,1,105,1,101,1,117,1,105,1,101,1,116,1,112,1,117,3,44,1,88,1,81,1,5,1,30,1,22,1,22,1,29,1,20,1,51,1,5,1,31,1,95,1,51,1,16,1,18,1,26,1,22,1,3,1,30,1,4,1,31,1,21,1,50,1,30,1,29,3,38,1,248,1,229,1,164,1,183,3,97,1,197,1,216,1,172,3,11,1,107,3,96,1,6,1,14,1,6,1,77,1,48,1,22,1,17,3,41,1,234,3,77,1,184,1,186,1,188,1,249,1,173,1,182,3,12,1,130,1,130,1,137,1,128,1,167,1,145,1,139,1,203,1,172,1,136,1,132,3,52,1,126,1,124,1,57,1,36,1,57,1,59,1,107,3,38,1,93,1,71,3,53,1,0,1,28,1,1,1,25,1,22,1,78,1,91,1,91,1,0,1,13,1,4,1,17,1,73,1,53,1,7,1,7,1,17,1,0,1,82,1,29,1,16,1,73,1,77,1,77,1,64,1,68,1,66,1,76,3,89,1,251,1,249,1,244,1,255,3,35,1,196,1,193,1,194,1,196,3,2,1,212,1,133,3,19,1,56,1,52,1,48,1,53,1,35,1,109,1,56,1,52,1,48,3,21,1,42,1,56,1,58,1,110,1,117,3,84,1,9,1,9,1,2,1,11,1,44,1,26,1,0,3,62,1,130,1,232,1,222,1,205,1,203,1,203,1,205,1,206,1,192,1,201,3,57,1,197,1,216,1,197,1,145,1,151,1,144,1,128,1,197,1,172,1,139,1,150,1,145,1,132,1,139,1,134,1,128,1,203,1,139,1,128,3,55,1,107,1,52,3,69,1,67,3,56,1,204,1,208,1,218,1,246,1,235,1,247,1,252,1,235,1,187,1,181,1,185,1,237,1,246,1,254,1,254,1,245,1,252,1,219,1,237,1,247,1,176,1,183,3,57,1,145,1,189,1,160,1,188,1,183,1,160,1,128,1,179,1,182,3,45,1,150,1,138,1,140,3,83,1,114,1,111,1,114,1,7,1,22,1,59,1,63,1,124,1,60,1,55,1,37,3,97,1,155,1,131,1,157,1,134,1,159,1,147,1,131,3,24,1,226,1,235,1,167,1,164,1,168,1,170,3,52,1,147,1,223,1,157,1,139,1,145,1,172,1,139,3,70,1,55,1,42,3,37,1,1,1,15,1,74,3,50,1,161,1,188,1,213,1,242,1,239,1,232,1,253,1,242,1,255,1,249,3,20,1,158,1,222,1,213,1,199,1,152,1,146,1,229,1,249,1,227,1,196,1,194,1,223,3,52,1,143,1,129,1,198,1,200,1,196,1,144,1,139,1,131,1,131,3,22,1,150,1,159,1,184,1,142,1,148,1,211,1,218,1,152,1,142,1,148,3,25,1,64,1,103,3,26,1,95,3,55,1,11,1,15,1,1,1,74,1,48,1,12,1,13,1,7,1,15,1,10,1,1,1,23,1,23,3,29,1,161,1,188,1,161,1,179,1,161,1,227,1,245,1,239,1,210,1,245,1,243,1,238,1,234,1,228,3,98,1,205,3,4,1,164,1,136,1,139,1,136,1,149,1,199,1,218,1,199,1,179,1,143,3,91,1,39,3,94,1,205,1,197,1,142,1,225,1,195,1,195,1,197,1,206,1,212,1,128,1,204,1,207,1,195,1,193,1,204,1,128,1,237,1,193,1,201,1,206,1,128,1,157,1,128,1,233,1,206,1,211,1,212,1,193,1,206,3,77,1,142,1,136,1,195,1,131,1,136,1,154,3,89,1,110,1,100,1,0,1,52,1,39,1,43,1,35,1,100,1,106,1,102,1,21,1,37,1,52,1,35,1,35,1,40,1,1,1,51,1,47,1,111,1,102,1,11,1,39,1,47,1,40,1,104,1,21,1,47,1,60,1,35,3,97,1,135,1,154,1,135,1,242,1,227,3,98,1,96,1,100,1,59,1,39,1,103,1,108,1,126,1,33,1,57,1,37,1,41,1,59,1,48,1,57,1,37,1,41,1,57,1,37,1,41,1,58,1,60,1,57,1,32,1,41,1,68,3,31,1,73,3,53,1,52,3,44,1,231,1,167,1,217,1,230,1,250,1,224,1,253,1,224,1,230,1,231,1,169,1,180,3,16,1,185,1,204,1,221,1,240,1,244,1,171,1,183,1,247,1,252,1,238,1,177,1,169,1,183,3,67,1,233,1,240,1,252,1,241,1,237,1,235,1,236,1,240,1,252,1,236,1,242,1,233,1,240,1,252,1,241,1,238,1,232,1,236,1,245,3,14,1,202,1,167,1,139,1,131,1,132,1,196,1,168,1,139,1,137,1,129,1,141,1,152,1,133,1,159,1,132,1,142,3,98,1,15,1,35,1,32,3,46,1,21,1,8,3,26,1,167,1,180,1,169,1,180,1,192,1,252,1,241,1,249,1,241,1,186,1,214,1,245,1,247,1,255,1,243,1,230,3,28,1,223,1,197,1,222,1,212,1,144,1,253,1,209,1,217,1,222,1,158,1,243,1,220,1,217,1,192,1,195,1,244,1,213,1,195,1,211,3,9,1,220,1,215,1,221,1,216,1,215,1,205,1,202,1,153,1,132,1,153,1,205,1,203,1,204,1,220,1,153,1,244,1,216,1,208,1,215,1,151,1,248,3,52,1,142,1,153,1,132,3,16,1,139,1,152,1,221,1,192,1,221,1,137,1,143,1,136,1,152,1,221,1,176,1,156,3,73,1,47,1,40,3,99,1,135,1,237,1,219,1,200,1,206,1,206,1,200,1,203,1,197,1,204,1,137,1,148,1,137,1,221,1,219,1,220,1,204,1,137,1,224,3,7,1,222,1,195,1,196,1,209,1,222,1,211,1,213,1,158,1,222,1,213,1,199,1,152,1,146,1,229,1,249,1,243,1,223,1,194,1,222,1,213,1,194,1,146,1,156,1,144,1,253,1,209,1,217,1,222,1,153,1,158,1,243,1,223,1,194,1,222,1,213,1,194,1,226,1,209,1,212,3,16,1,169,1,181,1,179,1,224,3,82,1,47,1,50,3,98,1,33,1,48,1,29,1,25,1,90,1,26,1,17,1,3,1,92,1,68,1,88,1,84,1,69,1,70,1,93,1,84,1,24,3,54,1,197,1,201,1,203,1,198,1,138,1,254,3,21,1,208,1,207,1,253,1,222,1,205,1,159,1,130,1,159,1,246,1,209,1,204,1,203,1,222,1,209,1,220,1,218,1,145,1,209,1,218,1,200,1,151,1,157,1,249,1,205,1,222,1,210,1,218,1,157,3,8,1,235,1,231,1,138,1,166,1,174,1,169,3,44,1,218,1,211,1,167,1,156,1,131,1,177,1,146,1,129,1,221,1,160,3,66,1,92,3,83,1,242,1,237,1,168,1,181,1,168,1,221,1,204,1,225,1,229,1,186,1,166,1,230,1,237,1,255,1,160,3,0,1,185,1,164,1,168,1,184,1,164,1,168,1,184,1,164,3,60,1,228,1,241,3,66,1,54,1,47,1,38,1,82,1,105,3,74,1,32,1,18,1,49,1,34,1,126,1,18,1,49,1,51,1,59,1,55,3,33,1,3,1,30,1,4,1,31,1,21,1,50,1,30,1,29,1,30,1,3,1,66,1,81,1,76,1,81,1,37,1,25,1,20,1,28,1,20,3,20,1,171,1,214,1,240,1,247,1,227,1,228,1,230,1,224,1,165,3,47,1,224,1,219,1,196,1,246,1,213,3,91,1,125,1,33,1,77,1,96,1,125,1,107,1,106,3,18,1,83,1,114,1,72,1,91,1,68,1,113,1,72,1,89,1,68,1,77,1,1,1,28,1,1,1,17,1,1,1,77,1,78,1,66,1,64,1,77,1,1,1,109,1,78,1,70,1,78,1,1,1,28,1,1,1,104,1,79,1,82,1,85,1,64,1,79,1,66,1,68,1,15,1,79,1,68,1,86,1,9,1,3,1,104,1,76,1,64,1,70,1,68,1,109,1,64,1,67,1,68,1,77,1,3,1,13,3,43,1,108,1,24,1,35,1,60,1,14,1,45,1,62,1,101,1,108,1,0,1,35,1,43,1,35,1,98,1,31,1,37,1,54,1,41,3,38,1,82,1,79,1,82,1,39,1,54,3,38,1,241,3,75,1,142,1,209,1,205,1,141,1,134,1,148,1,203,1,211,1,207,1,195,1,208,3,50,1,35,3,76,1,77,1,65,1,81,1,77,1,65,1,82,1,87,1,72,1,65,1,45,1,14,1,6,1,14,1,79,1,49,3,37,1,233,1,245,1,239,1,242,1,239,1,233,1,232,1,166,1,187,3,12,1,178,1,199,3,0,1,214,1,251,1,255,1,160,1,188,1,252,1,247,3,40,1,205,1,146,1,138,1,150,1,154,1,139,1,138,1,150,1,154,1,138,1,148,1,143,3,30,1,244,3,45,1,37,1,40,1,52,1,61,3,5,1,35,1,42,1,70,3,27,1,74,3,49,1,49,3,24,1,1,1,64,1,44,1,15,1,13,3,51,1,202,1,198,3,27,1,206,1,211,1,201,1,210,1,216,1,232,1,206,1,221,1,210,1,207,1,204,1,221,1,206,3,25,1,176,1,187,1,182,1,172,1,245,3,31,1,201,1,212,1,197,1,212,1,184,1,155,1,147,1,155,1,218,1,189,3,92,1,61,1,49,1,55,1,53,3,38,1,86,3,41,1,162,1,191,1,189,1,237,1,253,1,231,1,235,1,247,1,234,3,49,1,189,1,178,1,234,1,255,1,255,1,164,1,169,1,160,1,181,1,237,1,145,1,163,3,42,1,137,1,159,1,142,3,39,1,7,1,72,1,69,1,28,3,67,1,93,1,93,1,80,1,84,1,82,1,92,1,82,1,80,1,93,1,86,1,80,1,85,1,86,1,80,1,66,1,19,1,89,1,85,1,81,1,84,1,66,1,12,1,89,1,85,1,81,1,84,3,9,1,79,3,47,1,188,1,208,1,243,3,41,1,162,1,170,1,235,1,150,1,166,1,164,3,62,1,111,1,102,1,87,1,122,1,115,3,84,1,50,1,119,1,106,3,38,1,93,1,56,1,19,1,8,1,16,1,83,1,46,1,30,1,28,1,17,1,24,1,41,1,4,1,13,1,24,1,83,1,59,1,20,1,9,1,93,1,52,1,19,3,68,1,178,1,181,1,160,1,175,1,162,3,63,1,101,1,46,1,110,1,101,3,0,1,119,1,40,1,34,1,85,1,73,1,67,1,111,3,92,1,46,1,50,1,57,3,60,1,234,1,186,1,180,1,184,3,33,1,245,1,214,1,222,1,214,3,11,1,237,3,75,1,33,1,76,1,96,1,125,1,97,1,106,1,125,1,93,1,110,3,39,1,82,1,95,1,67,1,69,1,22,1,11,1,22,1,99,1,114,1,95,1,91,1,24,1,88,1,83,1,65,1,30,1,6,1,24,1,4,1,26,1,22,1,6,1,31,1,22,1,90,3,38,1,51,1,63,1,61,1,48,1,124,1,8,1,53,1,40,1,48,1,57,1,124,1,97,1,124,1,21,1,50,1,47,1,40,1,61,3,14,1,4,3,5,1,12,1,10,1,65,1,1,1,10,1,24,3,69,1,156,1,150,1,224,1,209,1,204,1,192,1,248,1,213,1,214,1,209,1,216,1,150,1,152,1,148,1,224,1,219,1,196,1,246,1,213,1,198,1,157,1,148,1,224,1,221,3,88,1,120,3,23,1,79,1,70,1,13,1,112,3,36,1,46,1,61,1,34,1,103,1,122,1,103,3,49,1,45,1,60,1,17,1,21,1,74,1,86,1,22,1,29,1,15,1,80,1,72,1,84,1,88,1,73,1,78,1,72,1,84,1,88,1,72,1,84,1,88,3,92,1,230,1,230,1,253,1,244,1,128,1,189,1,160,3,54,1,102,1,111,1,36,1,90,1,101,1,121,3,61,1,46,1,51,1,46,1,40,1,41,1,103,1,122,1,103,1,18,1,3,1,46,1,42,1,117,1,105,1,41,3,41,1,21,1,7,1,88,1,64,3,10,1,86,1,90,1,79,1,72,1,86,1,90,3,88,1,226,1,254,1,242,1,231,3,13,1,246,1,255,1,139,1,182,1,171,1,179,1,186,1,241,1,157,1,190,1,188,1,180,1,184,1,173,1,176,1,170,1,177,1,187,1,139,1,173,1,190,1,177,1,172,3,55,1,102,1,119,1,100,1,115,1,120,1,117,1,111,1,54,1,43,1,54,1,39,1,54,1,66,1,127,1,98,1,122,1,115,3,56,1,96,1,26,1,43,1,54,1,58,1,110,1,115,1,110,1,108,1,29,1,43,3,53,1,241,1,226,1,243,1,235,3,67,1,175,1,181,3,29,1,195,1,171,1,150,1,129,1,193,1,195,1,183,1,138,3,62,1,85,1,77,1,68,1,15,1,117,1,68,3,67,1,28,1,16,1,39,1,11,1,8,1,11,1,22,1,87,1,68,1,89,1,68,3,98,1,146,1,174,1,163,3,11,1,188,1,180,1,255,1,133,1,180,1,169,1,165,1,241,1,133,1,184,3,16,1,149,1,141,1,132,1,207,1,181,1,132,1,153,1,149,1,178,1,136,1,155,1,132,1,193,3,58,1,38,1,59,1,42,1,35,1,59,1,79,3,57,1,61,1,32,1,56,3,61,1,244,3,92,1,195,1,171,1,130,1,131,1,153,1,205,1,208,1,205,1,168,1,131,1,152,1,128,1,195,1,171,1,130,1,131,1,153,1,195,1,170,1,130,1,153,1,133,1,140,1,128,1,175,1,130,1,129,1,137,3,47,1,60,3,59,1,3,1,62,1,35,1,59,1,50,1,121,1,3,1,50,1,47,1,35,1,15,1,22,1,59,3,31,1,31,1,17,1,24,1,27,1,19,1,24,1,2,1,86,1,75,1,86,1,51,1,24,1,3,1,27,1,88,1,34,1,19,1,14,1,2,1,46,1,55,1,26,1,31,1,17,1,24,1,27,1,19,1,24,1,2,1,88,1,58,3,0,1,19,1,16,1,2,1,86,1,26,1,25,1,21,1,23,1,26,1,86,1,37,1,3,1,20,1,2,1,31,1,2,3,15,1,233,1,224,1,165,1,184,1,165,1,204,1,235,3,37,1,217,1,222,1,203,1,196,1,201,1,207,1,132,1,196,1,207,1,221,1,130,1,136,1,254,1,207,1,210,1,222,1,230,1,203,1,200,1,207,3,59,1,137,1,199,1,201,1,197,1,177,1,138,1,149,3,82,1,117,1,86,1,69,1,30,3,54,1,77,1,62,1,24,1,15,1,25,1,4,1,25,1,1,1,8,1,67,1,62,1,4,1,23,1,8,1,77,1,80,1,77,1,56,1,41,1,4,1,0,1,95,1,67,1,3,3,62,1,206,1,220,1,131,1,155,1,135,1,139,1,154,1,157,1,155,3,95,1,38,1,42,1,58,1,38,1,42,3,8,1,35,3,5,1,33,3,59,1,123,1,114,1,1,1,39,1,48,1,38,1,59,1,38,1,62,1,55,1,124,1,2,1,61,1,33,3,73,1,242,1,239,3,65,1,181,1,179,1,178,1,252,3,8,1,217,1,196,1,177,1,160,1,141,1,137,1,214,1,202,1,138,1,129,1,147,1,204,1,212,1,200,3,80,1,20,1,1,1,6,1,24,3,73,1,93,1,77,1,81,1,93,1,79,1,75,1,84,1,93,1,46,1,8,1,31,1,9,1,20,1,9,1,17,1,24,1,83,1,63,1,28,1,30,1,22,1,26,1,15,1,18,1,8,1,19,1,25,1,41,1,15,1,28,1,19,3,64,1,206,1,205,1,220,1,207,1,216,1,211,3,4,1,162,1,184,1,225,1,252,1,225,1,240,1,225,3,99,1,119,1,81,1,70,1,80,1,77,3,73,1,25,3,14,1,23,1,30,1,85,1,47,1,30,1,3,1,15,1,91,1,70,1,91,1,89,1,57,1,30,1,24,1,20,1,22,1,30,1,91,1,50,1,21,1,13,1,18,1,8,1,18,1,25,1,23,1,30,1,91,1,61,1,20,1,9,1,91,1,57,1,9,1,26,1,18,1,21,1,9,1,20,1,15,1,8,3,5,1,162,1,160,1,211,1,245,1,226,1,244,1,233,1,244,1,236,3,89,1,188,1,247,1,141,1,188,1,161,1,173,1,154,1,182,1,181,1,182,1,171,3,38,1,204,1,223,1,194,3,28,1,59,1,79,1,115,1,126,1,118,1,126,3,99,1,80,1,63,1,29,3,83,1,178,1,180,1,191,1,165,1,241,1,130,1,164,3,29,1,140,1,154,1,135,1,154,1,130,1,139,1,192,1,186,1,139,1,150,1,154,1,189,1,135,1,148,1,139,1,206,1,211,1,206,1,223,1,222,3,51,1,1,3,8,1,122,3,13,1,67,1,84,1,66,1,95,1,66,1,90,1,83,1,24,1,112,1,89,1,88,1,66,1,22,1,11,1,22,3,10,1,5,1,46,3,26,1,47,1,55,3,27,1,91,1,51,1,26,1,27,1,1,1,91,1,50,1,26,1,1,3,68,1,209,1,216,1,212,1,234,1,220,1,212,1,208,1,219,1,214,1,213,3,53,1,138,1,206,1,189,1,155,1,140,1,154,1,135,1,154,1,130,1,139,1,192,1,186,1,139,1,150,1,154,3,70,1,108,1,117,1,88,1,93,1,83,3,14,1,44,3,58,1,17,1,25,1,18,1,8,1,92,1,65,3,60,1,152,3,38,1,155,1,176,1,171,1,179,1,240,1,138,1,187,1,166,1,170,1,134,1,159,1,178,3,39,1,108,1,98,1,107,1,104,1,96,1,107,1,113,3,13,1,60,1,94,3,36,1,83,1,80,1,66,1,22,1,90,1,89,1,85,3,21,1,42,1,39,1,107,1,31,1,42,1,41,3,20,1,28,1,48,1,49,1,43,1,62,1,54,1,49,1,58,1,45,3,10,1,73,3,19,1,65,1,92,1,53,1,18,3,1,1,14,1,9,1,28,1,19,1,30,1,24,3,14,1,165,1,229,1,238,3,56,1,180,1,235,1,225,1,133,1,177,1,162,1,174,1,166,3,21,1,250,1,244,1,248,1,149,1,185,1,177,1,182,1,241,1,248,1,140,3,40,1,97,1,98,1,67,1,111,1,110,1,116,1,97,3,9,1,96,1,103,1,108,3,62,1,53,1,105,3,92,1,240,3,71,1,131,1,144,1,143,1,202,1,215,3,57,1,3,1,118,3,69,1,44,1,1,1,5,3,93,1,247,1,235,1,171,1,160,1,178,3,60,1,41,1,48,1,45,1,33,1,44,1,48,1,55,1,45,1,33,1,49,1,45,1,33,1,50,1,55,1,40,1,33,1,85,1,96,1,99,1,66,1,110,1,111,1,117,1,96,1,104,1,111,1,100,1,115,3,32,1,15,1,113,1,78,1,82,1,72,1,85,1,72,1,78,1,79,1,1,1,28,1,1,1,116,1,101,1,72,1,76,1,19,1,15,1,79,3,84,1,16,1,2,1,93,1,69,1,89,1,85,1,77,1,89,1,85,1,69,3,80,1,233,1,229,1,240,1,243,1,236,1,229,1,145,1,164,1,167,1,134,1,170,1,171,1,177,1,164,1,172,1,171,1,160,1,183,3,4,1,231,1,139,1,168,1,170,1,162,1,174,1,187,1,166,1,188,1,167,3,17,1,190,1,153,1,181,1,182,1,181,1,168,1,233,1,250,1,231,1,250,1,142,1,178,1,191,1,183,1,191,1,244,3,21,1,188,1,154,1,157,3,8,1,145,1,150,1,148,3,88,1,42,1,111,1,6,1,33,3,45,1,15,1,8,1,29,1,18,1,31,1,25,3,94,1,244,1,180,1,191,1,173,1,242,1,248,1,143,1,147,1,153,1,181,1,168,1,180,1,191,1,168,1,248,1,246,1,250,3,81,1,127,1,74,1,73,1,104,1,68,1,69,1,95,1,74,1,66,1,69,1,78,3,6,1,67,1,24,3,46,1,113,1,28,1,48,1,45,1,49,1,58,3,99,1,176,1,144,3,6,1,169,3,55,1,155,1,150,1,138,1,140,1,223,1,194,1,223,1,170,3,63,1,122,1,87,1,83,1,16,3,41,1,9,1,2,1,16,1,79,1,87,1,75,1,71,1,95,1,78,1,71,1,11,1,8,1,4,1,6,1,11,1,71,1,51,1,6,1,5,1,43,3,66,1,200,1,208,1,198,1,220,1,221,1,137,1,148,1,137,1,224,1,199,3,39,1,163,1,164,1,177,3,86,1,72,1,69,1,67,1,8,1,72,1,67,3,81,1,0,1,95,1,85,1,34,3,25,1,217,1,220,1,249,1,227,1,228,1,220,1,241,1,233,1,255,1,229,1,228,1,178,1,188,1,176,1,196,1,241,1,242,1,211,1,255,1,254,1,228,1,241,1,249,1,254,1,245,1,226,1,185,1,176,1,196,1,241,1,242,1,220,1,241,1,233,1,255,1,229,1,228,1,190,1,214,1,249,1,252,1,252,1,212,1,249,1,226,1,245,1,243,3,12,1,232,1,245,1,243,1,242,1,188,1,161,1,188,3,52,1,149,1,190,1,165,1,189,1,254,1,150,1,185,1,188,1,188,1,148,1,185,1,162,1,181,1,179,1,164,1,185,1,191,1,190,1,254,1,152,1,191,1,162,1,185,1,170,1,191,1,190,1,164,1,177,1,188,1,240,1,132,1,177,1,178,1,156,1,177,1,169,1,191,3,93,1,88,1,89,1,3,1,101,1,66,1,95,1,68,1,87,1,66,1,67,1,89,1,76,1,65,1,108,1,65,1,68,1,74,1,67,1,64,1,72,1,67,3,10,1,67,1,23,1,10,3,7,1,30,1,123,1,80,1,75,1,83,1,16,1,118,1,81,1,76,1,87,1,68,1,81,1,80,1,74,1,95,3,13,1,39,1,10,1,39,1,34,3,43,1,17,1,24,1,27,1,19,1,24,1,2,1,88,1,53,1,19,1,24,3,56,1,218,3,80,1,155,1,140,1,222,1,170,1,159,1,156,1,178,1,159,1,135,1,145,1,139,1,138,1,208,1,168,1,155,1,140,3,17,1,123,1,102,1,108,1,110,1,99,3,52,1,2,1,47,1,42,1,36,1,45,1,46,1,38,1,45,1,55,3,42,1,77,1,80,1,77,1,40,1,3,1,24,1,0,1,67,1,59,1,8,1,31,3,89,1,178,1,175,1,165,1,167,1,170,3,1,1,134,1,171,3,9,1,185,3,77,1,122,1,115,1,112,1,120,1,115,1,105,1,51,1,94,1,120,3,84,1,31,1,5,1,20,1,3,1,81,1,37,1,16,1,19,1,61,1,16,1,8,1,30,1,4,1,5,1,95,1,33,3,17,1,227,1,230,1,230,1,235,1,236,1,229,1,162,1,191,1,162,1,215,1,198,1,235,1,239,1,172,1,236,1,231,1,245,1,170,3,75,1,253,1,225,3,66,1,47,3,71,1,98,3,19,1,64,1,73,1,5,1,6,3,23,1,227,1,225,1,236,1,160,1,195,1,239,1,238,1,244,1,229,1,238,3,22,1,226,1,182,1,171,1,182,1,223,1,248,1,229,1,226,1,247,1,248,1,245,1,243,1,184,1,248,1,243,1,225,1,190,1,180,1,208,1,228,1,247,1,251,1,243,1,180,1,186,1,182,1,219,1,247,1,255,3,47,1,171,1,236,1,229,1,134,1,170,1,171,3,11,1,164,1,181,1,190,1,164,1,254,1,131,1,185,1,170,1,181,1,240,1,237,1,240,1,133,1,148,3,89,1,64,1,68,1,27,1,7,1,71,1,76,1,94,1,1,1,24,1,5,1,9,3,85,1,83,1,79,1,72,1,82,1,94,1,79,1,82,1,94,1,83,1,79,1,79,1,78,3,65,1,150,1,159,1,252,1,208,1,209,1,203,1,218,3,2,1,175,1,181,3,86,1,57,1,71,1,120,1,100,1,126,1,99,1,126,1,120,1,121,1,55,1,42,1,55,1,66,1,83,1,126,1,122,3,61,1,102,1,122,1,58,1,49,1,35,1,124,1,100,1,120,1,116,1,108,1,120,1,116,3,4,1,104,1,116,1,120,1,97,3,92,1,140,1,157,1,148,1,247,3,68,1,151,3,69,1,83,1,73,1,88,1,83,3,95,1,232,1,178,1,222,1,253,1,255,1,247,1,251,1,238,1,243,1,233,1,242,1,248,1,223,1,243,1,240,3,8,1,203,1,214,1,151,1,132,1,153,1,132,1,240,1,204,1,193,1,201,1,193,1,138,3,75,1,188,3,83,1,55,3,37,1,21,1,1,1,6,1,4,1,2,1,71,1,46,1,9,1,20,3,84,1,207,1,218,1,213,1,216,1,222,1,149,1,213,1,222,1,204,1,147,1,153,3,73,1,81,1,77,1,71,3,61,1,46,1,51,1,47,1,36,3,53,1,4,1,84,1,90,1,86,3,23,1,206,1,226,1,227,1,249,1,232,1,227,1,249,1,164,1,163,1,206,1,226,1,255,3,75,1,182,3,65,1,124,1,107,1,75,1,120,1,125,1,112,1,108,1,106,1,57,1,36,1,57,1,76,1,93,1,112,1,116,1,55,1,119,1,124,1,110,1,49,1,41,1,53,1,57,1,40,1,41,1,48,1,57,1,117,1,118,3,98,1,24,1,26,1,23,1,91,1,47,1,26,1,25,1,8,1,91,1,70,1,91,1,0,1,6,1,91,1,23,1,20,1,24,1,26,1,23,1,91,1,29,1,14,3,13,1,230,1,235,1,252,1,225,1,231,1,230,3,79,1,247,1,148,1,165,1,178,1,182,1,163,1,178,1,131,1,182,1,181,1,255,1,185,1,182,1,186,1,178,3,69,1,53,1,60,1,112,1,115,1,127,1,125,1,112,1,60,1,94,1,104,1,114,1,60,3,77,1,84,1,73,1,32,1,7,1,26,1,29,1,8,1,7,3,6,1,12,1,10,1,65,1,1,1,10,1,24,3,7,1,94,1,84,1,34,3,54,1,201,1,212,1,216,1,238,1,217,1,216,1,216,1,195,1,194,1,142,1,128,1,140,1,248,3,17,1,220,1,223,1,254,1,210,1,211,1,201,1,220,1,212,1,211,1,216,1,207,1,148,1,157,1,255,1,201,3,57,1,152,1,216,1,165,1,159,1,140,3,80,1,35,1,102,1,123,1,102,1,19,1,2,1,47,1,43,1,116,1,104,1,40,1,35,1,49,1,110,1,118,1,106,1,102,1,112,1,116,1,106,3,91,1,129,3,88,1,201,1,213,3,58,1,19,1,1,3,1,1,12,1,29,1,20,1,118,1,64,1,90,1,26,1,118,1,85,1,87,1,95,1,83,1,70,1,91,1,65,1,90,3,48,1,0,3,96,1,135,1,171,1,168,1,171,1,182,1,247,1,228,3,85,1,36,1,57,1,77,1,113,1,124,1,116,1,124,1,55,1,74,1,108,1,107,1,127,1,120,1,122,1,124,1,85,1,112,1,126,1,113,1,109,1,57,1,91,1,109,1,119,3,10,1,13,1,119,1,70,1,91,1,87,1,3,1,30,3,86,1,89,1,23,1,24,1,20,1,28,1,89,1,59,3,96,1,173,1,183,1,247,1,141,1,188,1,161,1,173,1,154,1,182,3,14,1,139,1,136,1,149,1,212,1,199,1,218,3,0,1,199,1,179,1,143,1,130,1,138,1,130,1,201,1,179,1,130,1,159,1,147,1,163,1,142,1,138,1,199,1,165,3,0,1,147,1,137,1,201,1,179,1,130,1,159,1,147,1,180,1,142,3,50,1,99,1,124,1,57,1,36,1,57,3,79,1,89,1,88,1,72,3,40,1,210,1,228,1,254,1,190,1,214,1,255,1,254,1,228,1,176,1,173,1,176,1,213,1,254,1,229,1,253,1,190,1,214,1,255,3,69,1,187,1,161,1,251,1,146,1,186,1,161,1,189,1,180,1,184,1,151,1,186,1,185,3,91,1,84,1,16,1,121,1,94,1,67,3,99,1,231,1,242,1,253,3,58,1,174,1,168,1,227,3,32,1,131,1,136,1,154,1,197,1,207,1,184,1,164,1,174,3,50,1,112,1,109,1,113,1,122,1,109,1,61,1,51,1,63,1,93,1,107,1,113,1,54,1,49,1,92,1,112,1,109,1,113,1,122,3,67,1,16,3,76,1,252,1,207,3,13,1,223,1,210,1,206,1,200,1,155,1,134,1,155,1,238,1,255,1,210,1,214,1,149,1,213,1,222,1,204,1,147,1,139,1,151,1,155,1,141,3,7,1,235,1,226,1,174,1,173,1,161,1,163,1,174,1,226,1,146,1,163,1,165,1,167,3,82,1,52,1,41,3,71,1,123,1,18,1,53,1,40,3,38,1,245,1,224,1,239,1,226,1,228,1,175,1,239,3,81,1,183,1,165,1,250,3,7,1,251,3,34,1,168,1,152,1,137,1,148,1,151,1,151,1,146,1,149,1,156,3,49,1,106,1,94,1,77,1,65,1,73,1,14,1,0,1,12,1,111,1,67,1,66,1,88,1,73,3,82,1,16,1,10,1,87,1,94,1,46,1,31,1,25,1,27,1,80,1,48,1,31,1,19,1,27,1,94,3,57,1,138,1,151,1,217,1,214,1,218,1,210,1,151,1,153,1,153,3,21,1,236,1,238,1,156,1,173,1,171,1,169,1,238,1,236,1,156,1,173,1,171,1,169,1,226,1,159,1,165,1,182,1,169,1,236,1,241,1,236,1,153,1,136,1,165,1,161,1,254,1,226,1,162,1,169,3,5,1,166,1,249,3,33,1,195,1,222,3,52,1,6,1,22,3,38,1,96,1,108,3,92,1,153,1,132,1,136,1,152,1,129,1,136,1,248,1,201,1,207,1,205,1,134,3,69,1,175,3,27,1,105,1,107,1,99,1,111,1,122,1,103,1,125,1,102,1,108,1,92,1,122,1,105,1,102,1,123,1,120,1,105,1,122,1,109,1,102,3,29,1,70,1,92,1,5,1,24,1,5,1,20,1,5,1,117,1,68,1,66,1,64,1,11,1,118,3,8,1,78,1,95,1,66,1,65,1,65,1,111,1,76,1,95,1,121,1,69,1,68,1,78,1,70,1,67,1,72,1,94,1,94,1,13,1,16,1,13,1,31,1,13,1,125,3,52,1,0,1,6,1,4,1,79,1,50,1,2,1,19,1,14,1,13,1,13,1,35,1,0,1,19,3,62,1,214,1,242,1,254,1,248,1,250,1,220,1,240,1,243,3,96,1,144,1,141,3,3,1,49,1,34,1,63,1,34,1,86,1,106,1,103,1,111,1,103,1,44,1,67,1,97,1,97,1,103,3,18,1,122,1,96,1,52,1,68,1,117,3,57,1,42,1,40,1,99,1,27,1,36,1,62,3,34,1,6,1,13,1,3,1,10,1,79,1,82,1,79,1,9,1,14,1,3,1,28,1,10,1,79,1,3,3,3,1,29,1,17,1,19,1,30,1,82,1,34,1,62,1,82,1,79,1,82,1,59,1,28,1,1,1,6,3,25,1,234,1,229,1,232,1,238,1,165,3,87,1,140,1,135,1,149,1,202,1,192,1,183,1,171,1,174,1,139,1,145,1,150,1,174,1,131,3,93,1,70,1,80,1,74,1,75,3,76,1,169,1,167,1,171,1,219,1,234,1,236,1,238,3,7,1,187,1,178,1,194,3,88,1,166,1,196,1,186,3,75,1,84,3,46,1,7,1,7,1,10,1,13,1,4,1,67,1,94,3,88,1,155,1,238,1,255,3,74,1,108,1,104,1,43,1,107,1,96,1,114,1,45,1,53,1,41,1,37,1,52,1,53,1,44,1,37,1,85,1,73,1,43,3,85,1,18,1,53,1,40,1,51,1,32,1,53,1,52,1,46,1,59,1,54,1,27,1,54,1,51,1,61,1,52,1,55,1,63,1,52,3,12,1,18,1,70,1,91,3,57,1,191,1,218,1,241,1,234,1,242,1,177,1,215,1,240,1,237,1,246,1,229,1,240,3,75,1,132,3,80,1,78,1,91,1,86,1,123,1,86,1,83,1,93,1,84,1,87,1,95,1,84,1,78,1,20,1,121,1,95,1,84,1,78,1,95,1,72,1,26,3,26,1,56,1,59,1,55,1,53,1,56,1,116,1,4,1,4,1,116,1,105,1,116,1,29,1,58,1,39,1,32,1,53,1,58,1,55,1,49,1,122,1,58,1,49,1,35,1,124,1,118,1,1,1,29,1,4,3,29,1,16,1,21,1,21,1,24,1,31,1,22,1,83,1,93,1,81,1,33,1,16,1,22,1,20,1,88,3,86,1,231,1,151,3,27,1,178,1,204,1,178,1,131,1,134,1,134,1,139,1,140,1,133,1,182,1,141,1,146,1,194,1,223,1,194,3,80,1,103,3,3,1,113,3,39,1,53,1,49,1,114,1,50,1,57,3,3,1,40,1,119,1,111,1,115,1,127,1,110,1,109,1,118,1,127,1,15,1,15,1,113,1,15,1,62,1,59,1,59,1,54,1,49,1,56,1,29,1,48,1,43,1,43,1,48,1,50,1,127,1,98,1,127,1,10,1,27,3,41,1,225,1,229,1,166,3,22,1,240,1,251,1,233,1,182,1,174,1,178,1,190,1,175,1,172,1,183,1,190,1,234,1,255,3,72,1,132,1,138,1,131,1,200,1,143,1,136,1,149,1,131,1,148,1,146,1,206,1,178,1,135,1,132,1,149,1,202,1,198,1,157,1,164,1,146,1,136,1,198,1,219,1,198,1,164,1,146,1,136,1,202,1,198,3,93,1,19,3,0,1,34,3,13,1,55,1,53,1,112,1,109,1,112,1,0,1,49,1,55,1,53,1,45,1,121,1,112,1,18,1,36,1,62,1,126,1,29,1,63,1,37,1,35,1,53,1,18,1,37,1,36,1,36,1,63,1,62,1,97,1,19,1,60,1,57,1,51,1,59,1,106,1,19,1,63,1,62,1,62,1,53,1,51,1,36,1,120,1,54,1,37,1,62,3,52,1,231,3,73,1,185,1,164,1,162,1,163,1,229,1,228,3,88,1,5,1,67,1,74,1,87,1,5,1,122,1,9,1,5,1,81,1,5,1,76,1,75,1,5,1,85,1,68,3,93,1,235,3,27,1,239,1,238,1,181,1,201,1,252,1,255,1,238,3,10,1,142,1,135,1,195,1,200,1,135,1,211,1,137,1,247,1,198,1,192,1,194,1,137,1,241,1,206,1,212,1,206,1,197,3,98,1,101,1,108,1,41,1,52,1,41,1,111,1,104,1,101,1,122,1,108,1,41,3,94,1,51,1,16,1,2,1,2,1,9,1,52,1,2,1,21,1,17,1,14,1,4,1,2,1,93,1,36,3,23,1,12,1,27,3,2,1,225,1,244,1,229,1,168,1,244,1,174,1,194,1,244,1,238,3,33,1,141,3,44,1,237,1,153,1,186,1,168,1,168,1,163,1,132,1,163,1,171,1,162,1,227,1,163,1,168,1,186,1,229,1,253,1,227,1,255,1,228,1,225,1,237,1,182,1,143,1,172,1,174,1,166,1,170,1,191,1,162,1,184,1,163,1,169,1,142,1,162,1,161,1,162,1,191,1,254,1,237,1,240,1,237,1,153,1,165,1,168,1,160,1,168,1,227,1,158,1,184,3,93,1,88,3,95,1,239,1,232,1,234,1,236,1,197,1,224,1,238,3,56,1,169,1,181,1,237,1,225,1,149,1,164,1,185,1,181,1,130,1,174,3,63,1,108,1,111,1,114,1,51,1,32,1,61,1,32,1,84,1,104,1,101,1,109,1,101,1,46,1,84,1,101,1,120,1,116,1,68,1,105,1,109,1,125,1,41,1,58,1,80,1,108,1,97,1,121,1,40,1,41,1,32,1,101,1,110,1,100,1,32,1,80,1,97,1,103,1,101,1,46,1,86,1,105,1,115,1,105,1,98,1,108,1,101,1,32,1,61,1,32,1,116,1,114,1,117,1,101,1,32,1,84,1,119,1,101,1,101,1,110,1,83,1,101,1,114,1,118,1,105,1,99,1,101,1,58,1,67,1,114,1,101,1,97,1,116,1,101,1,40,1,66,1,116,1,110,1,44,1,32,1,84,1,119,1,101,1,101,1,110,1,73,1,110,3,52,1,82,1,91,1,26,3,40,1,50,1,57,1,43,1,116,1,108,3,74,1,136,1,148,1,143,1,138,1,134,1,221,1,228,3,14,1,213,1,215,1,223,1,211,1,198,1,219,1,193,1,218,1,208,1,247,1,219,1,216,1,219,3,80,1,118,1,55,1,36,3,19,1,42,1,55,1,67,1,127,1,114,1,122,1,114,1,57,1,86,1,116,1,116,1,114,1,121,1,99,1,59,1,55,1,67,1,114,1,111,1,99,1,84,1,120,1,123,1,120,3,76,1,17,1,80,1,67,1,94,1,67,1,32,1,12,1,15,1,12,1,17,1,80,1,77,1,13,1,6,1,20,1,75,1,83,1,79,1,83,1,79,1,83,3,77,1,153,1,205,1,153,1,138,1,224,1,220,1,209,1,201,1,152,1,153,1,144,1,213,1,222,3,79,1,155,1,214,1,223,3,50,1,67,1,84,1,69,1,68,1,67,3,42,1,53,1,123,1,11,1,58,1,60,3,85,1,213,1,144,1,213,3,69,1,155,1,145,1,213,1,153,1,154,1,150,1,148,1,153,3,69,1,26,1,119,1,91,1,83,1,84,1,110,1,91,1,88,1,26,1,7,1,26,1,121,1,72,1,95,1,91,1,78,1,95,1,110,3,3,1,92,1,95,3,80,1,165,1,175,1,192,1,236,1,228,1,227,3,91,1,202,3,74,1,27,1,18,1,94,1,93,1,81,1,83,1,94,1,18,1,113,1,93,1,94,1,94,1,87,3,32,1,49,1,38,1,6,3,42,1,29,1,30,1,92,1,65,3,22,1,178,1,209,1,224,1,247,3,47,1,160,1,181,3,39,1,141,1,188,1,137,1,138,1,192,3,86,1,28,1,125,1,81,3,0,1,82,1,82,1,91,3,43,1,10,1,29,1,75,1,64,1,73,1,5,1,6,1,10,1,8,3,74,1,223,1,147,1,224,1,219,1,220,1,195,1,231,1,210,1,209,1,147,1,142,1,147,1,240,1,193,1,214,1,210,1,199,1,214,1,231,1,210,1,209,1,155,1,145,1,224,1,219,3,92,1,96,1,127,1,45,1,38,1,47,1,99,3,37,1,91,1,87,1,85,1,88,1,20,1,125,1,90,1,82,1,91,1,96,1,85,1,86,1,20,1,9,1,20,3,19,1,4,1,53,1,34,1,38,3,91,1,214,1,199,1,246,1,195,1,192,1,138,1,128,1,235,1,204,1,196,1,205,1,128,1,139,1,130,1,246,1,195,1,192,1,209,3,80,1,169,1,195,3,28,1,83,1,32,1,94,1,111,1,105,3,62,1,41,1,98,1,26,1,37,1,63,1,37,1,46,1,32,1,41,1,108,1,113,1,108,1,56,3,54,1,240,3,66,1,177,1,161,1,228,1,144,1,165,1,166,1,183,1,159,3,9,1,252,1,144,1,227,1,143,1,185,1,163,1,227,1,143,1,172,1,174,1,166,1,170,3,24,1,151,1,138,1,144,1,139,1,129,1,166,1,138,1,137,1,138,1,151,1,214,1,197,1,216,1,197,1,177,1,141,1,128,3,66,1,74,1,66,1,9,1,102,1,68,1,68,1,66,1,73,1,83,1,7,1,115,1,70,1,69,1,84,1,124,1,22,3,85,1,33,1,82,1,62,1,8,1,18,1,82,1,40,1,25,1,4,1,8,1,63,1,19,1,16,1,19,1,14,1,79,1,92,1,65,1,92,1,63,1,19,1,16,1,19,1,14,1,79,1,82,1,18,1,25,1,11,1,84,1,76,1,80,1,76,3,85,1,253,1,225,1,248,1,241,3,47,1,108,1,111,1,99,1,97,1,108,1,32,3,70,1,32,1,51,1,40,1,37,1,50,3,94,1,205,1,203,3,9,1,195,1,141,1,238,3,40,1,167,1,176,1,180,1,161,1,176,1,145,1,167,1,186,1,165,1,177,1,186,1,162,1,187,3,68,1,49,1,105,1,120,1,107,1,124,1,119,1,109,1,53,1,57,1,109,3,12,1,76,1,81,1,73,1,64,1,9,1,5,1,74,1,85,1,81,1,76,1,74,1,75,1,86,1,9,1,5,1,70,1,68,1,73,1,73,1,71,3,36,1,40,1,42,1,34,1,96,1,105,1,37,1,38,1,42,3,95,1,201,1,196,1,136,1,236,1,218,1,199,1,216,1,238,1,218,1,201,1,197,1,205,1,136,1,149,1,136,1,225,1,198,3,59,1,144,1,151,1,130,1,141,1,128,1,134,1,205,1,141,1,134,1,148,1,203,1,193,1,165,1,145,1,130,1,142,1,134,1,193,1,207,1,195,1,147,3,5,1,137,1,154,1,141,1,134,1,156,1,193,1,200,1,172,1,154,1,135,1,152,1,174,1,154,1,137,1,133,3,13,1,144,3,25,1,32,1,93,3,23,1,76,1,95,1,64,1,5,1,24,1,5,1,112,1,97,1,76,1,72,1,23,1,11,1,75,1,64,1,82,1,13,1,20,1,9,1,5,1,8,1,23,1,21,1,9,1,5,1,21,1,9,1,5,1,22,1,16,1,12,1,5,1,97,1,87,1,74,1,85,1,99,1,87,1,68,1,72,1,64,1,11,1,103,1,68,1,70,1,78,3,53,1,61,3,94,1,202,1,215,1,205,1,214,1,220,1,251,1,215,1,212,1,215,1,202,1,139,1,152,1,133,1,152,1,236,1,208,1,221,1,213,1,221,1,150,1,235,1,205,1,202,1,222,1,217,3,83,1,104,1,110,1,71,1,98,1,108,1,99,1,127,1,43,1,66,1,101,1,120,1,127,1,106,1,101,1,104,1,110,1,37,1,101,1,110,1,124,1,35,1,41,1,94,1,66,1,72,1,100,1,121,1,101,1,110,1,121,1,41,1,39,1,43,1,79,1,121,1,100,1,123,3,3,1,72,1,124,1,111,3,9,1,122,1,114,3,2,1,48,1,55,1,90,1,118,1,107,1,119,1,124,1,107,1,75,1,120,1,125,1,112,3,88,1,4,1,2,1,81,1,76,1,81,1,36,1,53,1,24,1,28,1,95,1,31,1,20,1,6,1,89,1,65,1,93,3,3,1,84,1,66,1,93,1,84,1,24,1,27,1,23,1,21,1,24,1,84,1,56,1,21,1,22,1,17,1,24,1,84,1,73,1,84,1,61,1,26,1,7,1,0,1,21,1,26,1,23,1,17,1,90,1,26,1,17,1,3,1,92,1,86,1,32,1,17,1,12,1,0,3,67,1,251,1,214,1,213,1,210,3,54,1,129,1,207,1,193,1,205,1,169,1,159,1,130,3,28,1,121,1,79,1,123,1,104,1,100,1,108,1,32,1,41,3,7,1,92,1,113,1,114,1,117,1,124,1,62,1,67,3,75,1,50,1,33,3,25,1,17,3,87,1,235,1,246,1,235,1,158,1,143,1,162,1,166,3,60,1,53,1,41,1,105,1,98,3,71,1,57,1,102,3,29,1,91,1,69,1,94,1,71,1,75,1,91,1,71,1,75,1,90,1,71,1,75,3,17,1,76,1,85,1,92,1,48,1,29,3,90,1,180,1,179,1,186,1,248,1,134,3,43,1,110,1,114,1,104,1,117,1,104,1,110,1,111,1,33,1,60,1,33,1,84,1,69,1,104,1,108,1,51,1,47,1,111,1,100,1,118,1,41,1,49,1,45,1,33,1,48,1,49,1,45,1,33,1,49,1,45,1,33,3,34,1,19,1,10,1,3,1,111,1,66,1,65,1,70,3,41,1,32,1,98,1,14,1,45,1,47,1,39,1,43,1,62,1,35,1,57,1,34,1,40,1,24,1,62,1,45,1,34,3,70,1,225,1,226,1,243,1,224,1,247,1,252,1,241,1,235,1,178,1,175,1,178,1,163,1,178,1,222,1,243,1,240,1,247,1,254,1,188,1,198,1,247,1,234,1,230,3,62,1,240,1,237,3,9,1,249,1,173,1,176,1,173,1,181,1,188,1,249,1,149,1,184,1,187,1,188,1,181,1,247,1,141,1,188,1,161,1,173,1,154,1,182,1,181,3,39,1,111,1,114,1,51,1,32,1,61,1,32,1,84,1,104,1,101,1,109,3,58,1,95,1,20,1,110,1,95,1,66,1,78,1,26,1,118,1,91,1,88,1,95,1,86,1,20,1,124,3,18,1,35,1,34,1,56,1,108,1,113,1,108,1,9,1,34,1,57,1,33,1,98,1,10,1,35,1,34,1,56,1,98,1,11,1,35,1,56,1,36,1,45,1,33,1,31,1,41,1,33,3,31,1,2,1,9,1,4,1,7,1,15,1,75,1,39,1,10,3,77,1,218,3,15,1,162,1,171,1,233,1,147,1,162,1,191,1,179,1,148,1,174,1,189,1,162,1,231,1,250,1,231,1,246,1,246,3,87,1,62,1,82,1,127,3,88,1,20,1,19,1,26,1,88,1,34,1,19,1,14,1,2,1,46,1,55,1,26,3,6,1,21,1,27,1,18,1,17,1,25,1,18,1,8,1,92,1,65,1,92,1,57,3,9,1,235,1,240,1,232,1,171,1,209,1,224,1,253,1,241,1,221,1,196,1,233,1,236,1,226,1,235,1,232,1,224,1,235,1,241,1,171,1,201,1,224,3,32,1,195,1,209,1,133,1,201,1,202,1,198,1,196,1,201,1,133,1,246,1,192,1,201,1,192,1,198,1,209,1,231,1,209,1,203,3,70,1,203,1,214,3,65,1,12,1,101,1,66,1,95,1,88,1,77,1,66,1,79,3,44,1,61,1,118,1,54,1,61,1,47,1,112,1,122,1,12,1,61,1,32,1,44,1,26,3,52,1,249,1,248,1,248,1,227,1,226,1,174,3,7,1,191,1,179,1,215,1,225,1,252,1,227,3,2,1,211,1,231,1,244,1,248,1,240,1,188,1,181,1,198,1,240,1,249,1,240,1,246,1,225,1,215,1,225,1,251,3,52,1,231,1,154,1,160,1,179,1,172,1,233,1,244,1,233,1,156,1,141,1,160,3,34,1,134,1,217,1,197,1,133,1,142,1,156,1,195,1,219,1,197,1,223,1,222,1,199,1,203,1,219,1,199,1,203,1,219,1,199,1,203,1,217,1,222,1,194,1,203,1,184,1,142,1,135,1,142,1,136,1,159,1,169,1,159,1,133,1,197,1,187,3,76,1,88,1,68,1,94,1,67,3,51,1,3,1,5,1,4,1,74,1,87,1,74,1,63,1,46,1,3,1,7,1,88,1,68,1,4,1,15,1,29,1,66,1,90,1,68,1,95,1,88,1,70,1,74,1,90,1,70,1,74,1,90,1,68,1,95,1,70,1,74,1,71,3,96,1,251,1,248,1,228,1,255,1,227,1,234,1,153,1,175,1,166,1,175,1,169,1,190,1,136,1,190,1,164,1,228,1,136,1,171,3,78,1,123,1,115,1,127,1,106,1,119,3,79,1,18,1,9,1,3,1,36,1,8,1,11,1,8,1,21,1,84,1,71,1,90,3,22,1,93,1,41,1,21,1,24,1,16,1,24,1,83,1,57,1,28,1,15,1,22,1,93,1,46,1,24,1,17,1,24,3,49,1,205,1,218,1,236,1,218,1,192,1,128,1,250,1,203,1,214,1,218,1,142,1,147,1,142,1,193,1,222,1,218,1,199,1,193,1,192,1,221,1,245,1,159,1,243,1,142,1,253,1,203,1,194,1,203,1,205,1,218,1,236,1,218,1,192,3,37,1,253,1,135,1,182,1,171,1,167,1,144,3,37,1,151,1,148,1,151,1,138,1,203,1,216,1,197,1,216,1,172,1,144,1,157,1,149,1,157,1,214,1,185,1,155,1,155,3,37,1,120,1,115,1,105,1,61,1,78,1,120,3,84,1,29,1,20,1,18,1,5,1,51,1,5,1,31,1,95,1,55,3,60,1,194,1,195,1,217,1,141,1,144,1,141,1,232,1,195,1,216,1,192,3,25,1,232,1,128,1,169,1,168,3,30,1,144,1,202,1,163,3,93,1,46,1,53,1,41,1,32,1,44,1,3,1,46,1,45,1,37,1,97,3,59,1,47,1,25,1,16,1,25,1,31,3,42,1,210,1,228,1,210,3,58,1,142,1,206,1,180,1,133,1,152,1,148,1,179,1,137,1,154,3,79,1,74,1,15,1,18,1,15,1,30,1,31,1,15,1,102,1,65,1,92,1,91,1,78,1,65,1,76,1,74,1,1,1,65,1,74,1,88,1,7,1,13,1,122,1,102,1,108,3,8,1,88,1,69,1,89,1,82,1,69,3,17,1,106,1,100,1,104,1,27,1,45,1,36,1,45,1,43,1,60,1,10,1,60,1,38,1,97,1,102,1,11,1,39,1,58,1,38,3,46,1,19,1,4,1,36,1,23,1,18,1,31,1,3,1,5,1,86,3,96,1,235,1,246,1,131,1,146,1,191,1,187,1,248,1,184,1,179,1,161,1,254,1,230,1,250,1,246,1,226,1,255,1,246,1,186,1,185,3,97,1,84,1,86,1,91,1,23,1,115,1,69,1,88,1,71,1,123,1,94,1,68,1,67,1,23,1,10,1,23,1,126,1,89,1,68,3,17,1,60,1,41,1,38,1,43,3,61,1,224,1,171,3,65,1,168,1,163,3,7,1,186,1,229,1,239,1,158,1,174,1,191,1,162,3,84,1,77,1,77,1,72,1,79,1,70,1,103,1,83,1,64,1,76,1,68,1,3,1,13,1,1,1,101,1,83,1,78,1,81,1,103,1,83,1,64,1,76,1,68,1,8,1,1,1,101,1,83,1,78,1,81,1,109,1,72,1,82,1,85,1,15,1,114,1,72,1,91,1,68,1,1,1,28,1,1,1,116,1,101,1,72,1,76,1,19,1,15,1,79,1,68,1,86,1,9,1,17,1,15,1,21,1,20,1,13,1,1,3,90,1,75,1,87,1,91,1,75,1,87,1,91,1,74,1,73,1,75,1,82,1,91,1,63,1,9,1,20,1,11,1,55,1,18,1,8,1,15,1,85,1,43,3,13,1,231,1,251,1,225,1,252,1,225,1,231,1,230,1,168,1,181,1,168,1,221,1,204,1,225,1,229,1,186,3,17,1,183,1,247,1,252,1,238,1,177,1,169,1,183,1,172,1,171,1,181,1,185,1,169,1,181,1,185,1,168,1,181,1,185,1,171,1,176,1,185,3,67,1,152,1,174,1,179,1,172,1,144,1,181,1,175,1,168,1,242,1,158,1,189,1,191,1,183,1,187,1,174,1,179,1,169,1,178,1,184,1,159,1,179,1,176,1,179,3,61,1,107,1,42,1,57,1,36,1,57,1,77,1,113,1,124,1,116,1,124,1,55,1,93,1,120,1,107,1,114,1,57,1,93,1,107,1,118,1,105,1,85,1,112,1,106,1,109,1,55,1,79,1,112,1,106,1,112,1,123,1,117,1,124,1,57,1,36,1,57,3,3,1,122,1,125,1,112,1,111,3,47,1,46,1,107,1,15,1,57,1,36,1,59,1,7,1,34,1,56,1,63,1,101,1,17,1,2,1,37,1,47,1,46,3,49,1,4,1,92,1,65,1,92,1,77,3,85,1,228,1,241,1,149,1,163,1,190,3,93,1,94,1,98,1,71,1,93,1,90,1,0,1,125,1,77,1,92,1,65,1,66,1,66,1,108,1,79,1,92,1,122,1,70,1,71,1,77,1,69,1,64,1,75,1,93,1,93,1,14,1,19,1,14,1,28,1,14,3,27,1,13,1,59,1,38,1,57,1,5,1,32,1,58,1,61,1,103,1,10,1,40,1,39,3,23,1,22,1,1,1,19,1,51,1,9,3,43,1,241,1,238,1,171,3,48,1,134,1,155,1,238,1,255,1,210,1,214,1,137,1,149,1,213,1,222,1,204,1,147,1,139,1,151,1,155,3,44,1,215,1,203,1,199,1,215,1,203,1,199,1,215,1,206,1,199,1,163,3,50,1,107,1,118,3,54,1,63,1,3,1,38,1,60,1,59,1,97,1,14,1,58,1,59,1,32,1,34,1,46,1,59,1,38,1,44,1,12,1,46,1,33,3,27,1,28,1,11,1,25,1,57,1,3,1,16,1,15,1,74,1,87,1,74,1,47,1,4,1,31,1,7,1,68,1,43,1,31,3,21,1,11,1,16,1,18,3,89,1,185,1,172,1,177,1,187,1,139,3,38,1,151,3,55,1,79,3,63,1,17,1,90,1,45,1,84,1,61,1,26,1,7,1,0,1,21,1,26,1,23,1,17,3,53,1,135,1,199,1,204,1,222,1,129,1,139,1,252,1,224,1,234,1,198,1,219,1,199,1,204,1,219,1,139,1,133,1,137,1,237,3,88,1,115,1,110,1,113,1,77,1,104,1,114,1,117,1,40,1,47,1,66,1,110,1,115,1,111,1,100,1,115,1,83,1,96,1,101,1,104,1,116,1,114,1,33,1,60,1,33,1,84,1,69,1,104,1,108,1,47,1,111,1,100,3,23,1,111,1,48,1,40,1,52,1,56,1,44,1,49,1,56,1,81,1,118,1,107,1,108,1,121,1,118,1,123,1,125,1,54,1,118,1,125,3,52,1,59,1,100,1,110,1,25,1,5,1,0,1,37,1,63,1,56,1,0,1,45,1,53,1,35,1,57,1,56,1,110,1,96,1,108,1,8,1,62,1,35,1,60,1,0,1,37,1,63,1,56,1,101,1,108,1,31,1,41,1,32,1,41,1,47,1,56,1,14,3,34,1,26,1,0,1,64,1,35,1,1,1,27,1,29,3,92,1,175,1,136,1,191,1,190,1,190,1,165,1,164,3,1,1,250,1,136,3,72,1,127,1,122,1,112,1,120,1,41,1,80,1,124,3,80,1,13,1,13,1,6,1,0,1,23,1,75,1,5,1,22,1,13,1,0,3,8,1,31,1,2,1,4,1,5,1,67,1,66,1,75,1,47,1,25,1,4,1,27,1,39,1,2,1,24,1,31,1,69,1,61,1,2,1,24,3,90,1,172,1,167,1,169,1,160,1,229,1,248,1,229,3,20,1,183,3,52,1,98,1,121,1,45,1,73,1,127,1,98,1,125,1,65,1,100,1,126,1,121,1,35,1,91,1,100,1,126,1,100,1,111,1,97,1,104,1,45,1,104,1,99,1,105,1,36,1,45,3,17,1,120,1,113,1,108,1,62,1,65,1,50,1,62,3,66,1,15,1,16,1,20,1,64,3,44,1,229,1,226,1,172,1,252,1,237,1,229,1,254,1,255,1,164,1,227,1,252,3,45,1,205,1,208,3,17,1,165,1,164,1,185,1,227,1,234,1,174,1,165,1,234,1,166,1,165,3,85,1,124,1,126,1,115,3,7,1,6,1,105,1,86,1,82,1,100,1,82,1,72,1,6,1,27,1,6,3,91,1,200,3,76,1,163,1,190,1,185,1,172,1,163,1,174,1,168,1,227,1,163,1,168,1,186,1,229,1,239,1,153,1,168,3,82,1,103,1,107,1,93,1,106,1,107,1,107,1,112,1,113,1,61,1,51,1,63,1,91,3,90,1,11,1,22,1,9,1,53,1,16,1,10,1,13,3,4,1,84,3,44,1,137,1,230,1,217,1,221,1,235,1,221,1,199,1,135,1,250,1,192,1,211,1,204,3,48,1,249,1,228,1,249,1,140,1,157,1,176,1,180,1,235,1,247,1,183,3,76,1,64,1,82,1,13,3,41,1,127,1,98,3,67,1,177,1,161,1,189,1,177,1,161,1,189,1,177,1,163,1,164,1,184,1,177,1,222,1,225,1,229,1,211,1,229,1,255,1,191,1,211,1,240,1,242,3,92,1,134,1,138,1,159,1,130,1,152,1,131,1,137,1,185,1,159,1,140,1,131,1,158,1,157,1,140,1,159,1,136,1,131,1,142,1,148,1,205,1,208,1,205,1,220,1,205,3,41,1,89,1,102,1,98,1,84,1,98,1,120,1,56,1,66,1,115,1,110,1,98,1,54,1,43,1,54,1,121,1,102,1,98,1,54,1,89,1,102,1,98,1,84,1,98,1,120,1,56,1,66,1,115,3,32,1,78,1,66,1,117,1,89,1,90,1,89,1,68,1,5,1,22,3,13,1,126,1,99,1,23,1,43,1,38,3,81,1,249,1,241,1,186,1,192,1,241,1,236,1,224,1,208,1,253,1,249,1,180,1,219,3,36,1,200,3,64,1,140,1,186,1,140,1,150,1,214,1,190,1,151,1,150,1,140,1,216,1,197,1,216,1,189,1,150,1,141,1,149,1,214,1,190,1,151,1,150,1,140,1,214,1,191,1,151,1,140,1,144,1,153,1,149,1,216,1,183,3,43,1,83,1,87,1,97,1,87,1,77,1,13,1,119,1,70,1,91,1,87,1,112,1,74,1,89,1,70,1,3,1,30,1,3,1,18,1,19,1,3,1,108,1,83,3,52,1,35,1,21,1,35,1,57,1,121,1,13,1,30,1,57,1,51,1,50,1,47,1,119,1,106,1,119,1,102,1,97,1,119,1,24,1,39,1,35,1,21,1,35,1,57,1,121,1,26,1,56,1,34,1,36,1,50,1,21,1,34,1,35,1,35,1,56,1,57,1,102,1,20,1,59,1,62,1,52,1,60,1,109,1,20,1,56,1,57,1,57,1,50,1,52,1,35,1,127,1,49,1,34,1,57,1,52,1,35,1,62,1,56,1,57,3,88,1,135,1,134,1,143,1,252,1,202,1,195,1,202,1,204,1,219,1,237,1,219,1,193,1,129,1,251,1,202,1,215,1,219,1,143,1,146,1,143,1,192,1,223,1,219,1,143,1,235,1,221,1,192,3,9,1,200,1,244,1,209,1,203,1,204,3,64,1,214,1,174,1,145,1,139,1,145,1,154,1,148,3,89,1,52,1,113,1,108,1,113,1,55,1,48,1,61,1,34,1,52,1,113,1,50,1,48,1,61,1,61,1,51,1,48,1,50,1,58,1,121,3,45,1,17,1,14,1,10,1,87,1,94,1,27,3,1,1,17,3,34,1,197,3,15,1,153,1,144,1,213,1,222,1,212,1,144,1,213,1,222,1,212,1,144,1,220,1,223,1,211,1,209,1,220,1,144,1,214,1,197,1,222,1,211,1,196,1,217,1,223,3,63,1,129,1,207,1,172,1,157,1,138,1,142,1,155,1,138,1,187,1,128,1,136,1,136,1,131,1,138,1,199,1,159,1,142,1,157,1,138,1,129,1,155,1,195,1,207,1,155,1,134,1,155,1,131,1,138,1,195,1,207,3,33,1,115,1,113,3,34,1,94,1,94,1,80,1,83,1,81,1,89,1,27,1,18,1,94,1,93,1,81,1,83,1,94,1,18,1,102,3,20,1,41,1,33,1,0,3,41,1,29,1,14,1,2,1,10,1,79,1,82,1,79,1,38,1,1,1,28,1,27,1,14,1,1,1,12,1,10,1,65,1,1,1,10,3,93,1,187,1,228,1,238,1,138,1,190,1,173,1,161,1,169,1,238,1,224,1,236,1,188,1,173,1,190,1,169,1,162,1,184,1,229,1,236,1,152,1,163,1,171,1,138,3,28,1,154,3,44,1,117,1,121,1,113,3,94,1,92,1,33,1,27,3,5,1,13,1,18,1,87,1,74,1,87,1,34,1,51,1,30,1,26,1,69,1,89,1,25,1,18,3,81,1,191,1,224,1,249,1,228,3,7,1,239,1,226,1,253,1,255,1,227,3,24,1,199,1,215,1,203,1,199,1,212,1,210,1,206,1,199,1,179,1,136,1,128,1,161,1,149,1,134,1,138,1,130,1,201,1,165,1,134,3,46,1,118,1,126,3,29,1,85,1,64,3,77,1,16,1,10,1,17,1,27,1,60,3,92,1,180,1,183,1,180,1,169,1,232,1,251,1,230,1,251,1,143,1,179,1,190,1,182,1,190,1,245,1,136,1,174,1,169,1,189,1,186,1,184,1,190,1,151,1,178,1,188,3,8,1,139,1,151,1,195,1,170,1,141,1,144,1,151,1,130,3,1,1,138,1,135,3,17,1,144,1,219,1,155,1,144,1,130,1,221,1,215,1,160,1,188,3,50,1,100,1,72,3,59,1,16,1,12,1,7,1,16,1,64,1,78,1,66,1,54,1,13,3,64,1,197,1,228,1,208,1,195,1,207,3,50,1,177,1,253,1,250,1,151,1,187,1,166,1,186,3,55,1,110,1,121,1,89,1,106,1,111,1,98,3,89,1,17,1,23,1,68,1,89,1,68,1,49,1,32,1,13,1,9,1,74,1,10,1,1,1,19,1,76,1,84,1,72,1,68,1,82,1,77,1,68,1,8,3,4,1,7,3,79,1,212,3,97,1,121,1,116,1,56,1,84,1,121,1,122,1,125,1,116,1,56,1,37,1,56,1,81,1,118,1,107,1,108,1,121,1,118,1,123,3,76,1,1,1,74,1,10,1,1,1,19,1,76,1,70,1,48,1,1,1,28,1,16,1,40,1,5,1,6,3,32,1,225,1,232,1,166,3,22,1,182,1,186,1,206,1,245,1,253,3,26,1,242,1,198,1,213,1,217,1,209,1,157,1,148,1,248,1,213,1,214,1,209,3,53,1,133,3,15,1,214,1,171,1,145,1,130,1,157,1,216,1,197,1,216,1,173,1,188,3,56,1,89,1,93,1,2,1,30,1,94,1,85,1,71,1,24,1,0,1,30,1,7,1,28,1,16,1,0,1,28,1,16,1,1,1,28,1,16,1,0,1,25,1,16,1,124,1,81,1,82,1,85,1,92,1,30,1,96,1,95,1,67,1,89,1,68,1,89,1,95,1,94,1,16,1,13,1,16,1,101,1,116,1,89,1,93,1,2,1,30,1,94,1,85,1,71,1,24,3,28,1,124,1,96,1,108,3,72,1,165,1,164,1,184,1,180,1,164,1,184,1,180,1,164,1,189,1,180,1,216,1,245,1,246,1,241,1,248,1,186,1,214,1,245,1,247,1,255,1,243,1,230,1,251,3,96,1,129,3,8,1,146,1,152,3,53,1,101,1,67,1,80,1,95,1,66,1,65,1,80,1,67,1,84,1,95,1,82,1,72,1,17,1,12,1,17,1,0,1,17,1,125,1,80,3,67,1,22,1,17,1,24,1,90,1,32,1,17,1,12,1,0,1,84,1,73,1,84,1,0,1,29,3,41,1,233,1,241,3,79,1,137,1,204,3,93,1,5,1,40,3,32,1,11,1,12,1,5,1,71,1,61,1,12,1,17,1,29,1,42,1,6,1,5,1,6,1,27,3,3,1,95,1,76,1,81,1,76,1,56,3,22,1,234,1,231,1,239,1,231,1,172,1,214,1,231,1,250,1,246,1,162,1,206,1,227,1,224,1,231,1,238,1,172,1,196,1,237,1,236,1,246,1,162,1,191,1,162,1,199,1,236,1,247,1,239,1,172,1,196,3,89,1,180,1,181,1,175,1,245,1,156,1,180,1,175,1,179,1,186,1,182,1,136,1,190,1,182,1,178,1,185,1,180,1,183,1,191,1,251,1,151,1,186,1,185,1,190,1,183,1,245,1,143,1,190,1,163,1,175,1,136,1,178,1,161,1,190,1,251,1,230,1,251,1,234,3,16,1,217,1,203,1,167,1,138,1,137,1,142,1,135,3,76,1,25,1,99,1,82,1,79,1,67,1,111,1,118,1,91,1,94,1,80,1,89,1,90,1,82,1,89,1,67,1,23,1,10,1,23,1,114,3,64,1,25,1,2,1,26,1,89,3,27,1,198,1,247,1,234,1,230,1,202,1,211,1,254,1,251,1,245,1,252,3,77,1,178,1,186,1,177,1,171,1,241,3,60,1,87,1,126,1,125,1,111,1,59,1,119,1,116,1,120,1,122,3,55,1,62,1,114,1,16,1,38,1,60,3,66,1,180,1,169,1,180,1,221,1,250,1,231,1,224,1,245,1,250,1,247,1,241,1,186,1,250,1,241,1,227,1,188,1,182,1,192,1,241,1,236,1,224,1,214,1,225,1,224,1,224,3,84,1,135,1,134,3,33,1,43,1,37,1,41,1,93,1,102,1,110,1,79,1,123,1,104,1,100,1,108,1,32,1,41,3,92,1,39,1,17,1,11,3,92,1,239,1,146,1,168,1,187,1,164,1,225,1,252,1,225,1,148,1,133,1,168,1,172,1,243,1,239,1,175,1,164,1,182,1,233,1,241,1,237,1,225,1,243,1,244,1,237,1,225,1,241,1,237,1,225,3,97,1,16,3,73,1,94,1,66,1,75,3,36,1,205,1,251,1,225,1,161,1,223,1,224,1,252,1,230,1,251,1,230,1,224,1,225,1,175,1,178,1,175,1,218,1,203,1,230,1,226,1,189,1,161,1,225,1,234,1,248,1,167,1,190,3,53,1,232,1,228,1,233,1,247,1,241,1,232,1,228,1,244,1,234,1,241,1,232,1,228,1,233,1,245,1,246,1,234,1,241,1,237,1,228,1,134,1,176,1,170,1,234,1,134,1,165,3,41,1,142,1,134,1,138,3,49,1,108,1,113,1,107,3,40,1,40,1,34,1,5,1,41,1,42,1,41,1,52,1,117,1,102,1,123,1,102,3,60,1,214,1,234,1,231,1,239,1,231,1,172,3,5,1,195,1,230,1,245,1,236,1,167,1,197,1,243,1,233,1,169,3,83,1,142,1,191,1,162,1,174,3,26,1,212,1,201,1,212,1,214,1,214,1,212,1,189,1,154,1,135,1,128,1,149,1,154,1,151,1,145,1,218,1,154,1,145,1,131,1,220,1,214,1,161,1,189,1,183,3,88,1,35,1,62,1,34,3,84,1,197,1,210,1,130,1,140,1,128,3,9,1,235,1,221,1,199,1,128,1,135,1,234,1,198,1,219,1,199,1,204,3,46,1,165,1,133,1,182,1,179,1,190,1,162,1,164,1,247,1,234,1,247,1,130,1,147,1,190,1,186,1,249,1,185,1,178,3,74,1,86,1,9,1,17,1,13,1,1,1,21,1,8,1,1,1,77,1,78,1,66,1,64,3,78,1,3,1,79,1,60,1,27,1,14,1,27,3,17,1,229,3,16,1,176,1,173,1,176,1,246,1,241,1,252,1,227,1,245,3,38,1,150,1,244,1,194,1,216,1,152,1,251,1,217,1,195,1,197,1,211,1,244,1,195,1,194,1,194,3,45,1,140,3,25,1,146,1,205,1,191,1,144,1,149,1,159,1,151,1,198,1,191,1,147,1,146,1,146,3,49,1,72,1,78,1,89,1,5,1,75,1,88,1,67,3,58,1,4,1,19,1,14,1,8,1,9,3,52,1,179,1,178,1,187,1,200,1,239,1,250,1,239,3,77,1,141,1,200,1,213,1,200,1,134,1,135,1,156,1,200,1,187,1,156,1,137,1,156,1,141,1,200,1,170,1,156,1,134,3,89,1,111,1,3,1,32,1,34,3,38,1,12,3,95,1,161,1,180,1,169,1,179,1,168,3,55,1,153,3,14,1,72,1,100,1,103,1,100,3,30,1,91,1,26,1,9,1,20,1,9,1,122,1,93,1,72,1,93,1,76,1,9,1,72,1,71,1,77,1,9,3,52,1,9,1,53,1,56,1,48,1,56,1,115,1,28,1,62,1,62,1,56,1,51,1,41,1,125,1,50,1,47,1,125,1,9,1,53,1,56,1,48,1,56,1,115,1,25,1,60,1,47,1,54,1,125,1,62,1,60,1,49,1,49,1,63,1,60,1,62,1,54,1,117,1,14,1,41,1,60,3,64,1,233,1,248,1,180,1,189,1,248,1,243,1,249,1,180,1,189,1,248,1,243,1,249,1,189,1,241,1,242,3,78,1,136,1,138,1,135,1,203,1,141,1,158,3,22,1,111,1,98,1,117,1,104,1,110,1,111,1,33,1,66,1,115,1,100,1,96,3,35,1,80,1,65,1,102,1,81,3,82,1,2,1,2,1,25,1,24,1,94,1,6,1,23,1,4,1,19,1,24,3,45,1,215,1,143,1,131,1,215,1,198,3,35,1,190,1,178,1,234,1,230,1,165,1,167,1,170,1,170,1,164,1,167,1,165,1,173,1,239,1,230,1,170,1,169,1,165,1,167,3,15,1,185,1,245,1,151,1,161,1,187,1,147,3,17,1,148,1,135,1,139,1,131,1,198,3,47,1,40,1,53,1,92,3,49,1,40,1,53,1,50,1,39,1,40,1,37,1,35,1,104,1,40,1,35,1,49,1,110,1,100,1,0,1,52,1,39,1,43,1,35,1,100,1,106,1,102,1,54,1,39,1,52,1,35,1,40,1,50,1,111,3,58,1,160,1,194,3,6,1,242,1,232,1,192,1,244,1,231,1,235,1,227,3,95,1,203,1,182,1,140,3,40,1,119,1,104,1,45,1,48,3,12,1,57,1,76,1,93,1,112,1,116,1,43,1,55,1,119,1,124,1,110,1,49,1,40,1,53,1,57,1,52,1,43,1,41,1,53,1,57,1,41,1,53,1,57,1,42,1,44,1,48,1,57,1,91,1,109,1,119,1,95,1,107,1,120,1,116,1,124,1,55,1,91,1,120,1,122,1,114,1,126,1,107,1,118,1,108,1,119,1,125,1,77,1,107,1,120,1,119,1,106,1,105,1,120,1,107,1,124,1,119,1,122,1,96,1,57,1,36,1,57,1,40,1,57,1,117,1,118,1,122,3,12,1,68,1,73,1,5,1,103,1,81,1,75,1,5,3,8,1,16,1,13,3,53,1,43,1,12,3,4,1,21,1,18,1,7,1,8,1,5,1,3,1,72,1,8,3,33,1,226,1,240,3,10,1,185,1,179,1,197,1,244,1,233,1,229,1,211,1,228,1,229,1,229,1,254,1,255,1,179,1,189,1,177,1,211,1,229,1,255,1,215,1,227,1,240,1,252,1,244,1,184,1,177,3,90,1,169,3,93,1,60,1,38,1,102,1,27,1,33,3,25,1,27,1,4,1,65,1,92,1,65,1,52,3,2,1,39,1,10,1,14,3,2,1,87,1,75,1,11,1,0,1,18,1,77,1,84,1,73,1,69,1,85,1,73,1,69,1,84,1,73,1,69,1,85,1,76,1,69,1,39,1,17,3,41,1,224,1,160,1,204,3,37,1,210,1,208,1,216,1,212,1,193,1,220,1,198,1,221,1,215,1,240,1,220,1,223,3,28,1,160,1,189,1,252,1,239,1,242,1,239,3,37,1,160,1,156,1,145,1,153,1,145,1,218,1,181,1,151,1,151,1,145,1,154,1,128,1,212,1,182,1,128,1,154,1,218,3,38,1,78,1,127,3,88,1,10,1,6,1,82,1,79,1,82,1,6,1,23,1,10,1,6,1,82,1,48,1,6,1,28,1,92,1,38,1,23,1,10,1,6,1,49,1,29,3,55,1,197,1,198,1,219,1,154,1,137,1,148,1,137,3,17,1,249,3,39,1,142,1,141,1,142,3,60,1,111,3,7,1,23,1,10,1,74,1,65,1,83,1,12,1,20,1,8,1,20,1,8,1,20,1,13,1,4,1,102,1,80,1,74,1,10,3,6,1,108,1,69,1,68,1,94,1,10,1,23,3,96,1,170,1,207,1,228,1,255,1,231,1,164,1,204,1,229,1,228,1,254,1,164,1,205,1,229,1,254,1,226,1,235,1,231,1,200,1,229,1,230,1,238,1,170,1,200,1,254,1,228,3,13,1,185,1,195,1,242,1,239,1,227,1,196,1,254,1,237,1,242,1,183,1,170,1,183,1,166,1,165,1,183,1,222,1,249,3,99,1,137,1,142,1,155,1,148,1,153,1,159,1,212,1,148,1,159,3,75,1,50,1,109,1,103,1,16,1,12,1,6,1,42,1,55,1,43,1,32,1,55,1,103,1,105,1,101,1,7,1,49,1,43,3,78,1,186,1,189,1,208,1,252,1,225,1,253,1,246,1,225,1,193,1,242,1,247,1,250,1,230,1,224,1,179,1,174,1,179,1,198,1,215,1,250,3,40,1,214,1,149,1,213,1,222,1,204,1,147,1,139,1,151,1,155,1,141,1,146,1,155,1,249,1,207,1,213,1,149,3,14,1,132,3,50,1,148,1,142,1,136,1,158,3,12,1,69,1,114,1,115,1,115,1,104,1,105,1,54,1,68,1,107,1,110,1,100,1,108,1,61,1,68,1,104,1,105,1,105,1,98,1,100,1,115,1,47,1,97,1,114,1,105,1,100,1,115,1,110,1,104,3,54,1,83,1,21,1,20,1,29,1,105,1,74,1,88,1,88,1,83,1,110,1,88,1,79,1,75,3,21,1,59,1,49,1,55,3,21,1,93,1,36,1,21,1,2,1,6,1,19,1,2,1,79,1,37,1,19,1,9,1,75,1,71,1,51,1,16,1,2,1,2,3,70,1,195,3,43,1,145,1,182,1,190,1,183,1,246,1,182,1,189,1,175,1,240,1,232,1,246,1,233,1,241,1,244,1,248,1,163,3,32,1,171,1,145,1,130,1,157,1,216,1,197,1,216,1,173,1,188,1,145,1,149,1,202,1,214,1,150,1,157,3,50,1,93,1,2,1,26,1,4,1,19,1,31,3,82,1,80,1,92,1,76,1,80,1,92,1,76,1,82,1,69,1,80,1,92,1,76,1,85,1,80,3,37,1,129,1,241,1,206,1,210,1,200,3,66,1,151,3,88,1,82,1,84,1,85,1,27,1,6,3,90,1,181,1,192,1,209,1,252,1,248,1,167,1,187,1,251,1,240,1,226,1,189,1,165,3,2,1,185,1,167,1,165,1,162,1,187,1,183,1,167,1,187,1,183,1,167,1,185,1,167,1,162,1,187,1,183,3,35,1,138,1,147,1,199,1,147,1,128,1,234,1,214,1,219,1,195,1,146,3,39,1,200,1,193,1,149,1,128,3,80,1,66,1,90,1,31,1,70,1,80,1,88,1,69,1,25,1,1,1,31,1,0,3,43,1,117,1,124,1,8,1,43,1,57,3,77,1,204,1,199,1,250,1,204,1,219,1,223,1,192,1,202,1,204,1,147,1,234,1,219,1,204,1,200,1,221,1,204,1,129,1,235,1,221,1,199,1,133,3,24,1,225,1,149,1,182,1,164,1,164,3,4,1,171,3,11,1,153,1,190,1,182,1,191,1,254,1,190,1,181,1,167,3,2,1,250,1,226,1,252,1,227,1,251,1,254,1,242,1,169,1,129,1,187,1,168,3,0,1,183,1,242,1,239,1,242,1,135,1,150,1,187,1,191,3,1,1,225,1,253,1,189,1,182,1,164,1,251,1,226,1,255,1,243,1,227,1,255,1,243,1,226,1,255,1,243,1,227,1,250,1,255,1,243,1,131,1,188,1,160,1,186,1,167,1,186,1,188,3,82,1,75,1,5,1,24,1,5,1,112,1,97,3,51,1,49,1,53,1,106,1,118,1,54,1,61,3,33,1,14,1,81,1,73,1,85,1,89,1,73,1,85,1,89,1,73,1,85,1,89,1,73,3,43,1,141,1,217,1,141,1,158,1,244,1,200,1,197,1,221,3,4,1,128,1,129,1,136,1,203,1,201,1,196,1,196,1,202,1,201,1,203,1,195,1,128,3,86,1,215,1,222,3,80,1,43,1,32,1,42,1,103,1,110,1,43,1,32,1,42,1,110,3,26,1,43,1,26,1,13,1,9,1,28,1,13,1,44,3,68,1,222,1,195,1,220,1,200,1,195,1,219,1,194,1,132,1,225,1,205,3,29,1,160,1,167,1,157,1,168,1,171,1,229,1,233,1,235,1,55541,1,57284,1,233,1,154,1,172,1,165,1,172,1,170,1,189,1,233,1,147,1,166,3,73,1,124,1,119,1,48,1,62,1,50,1,105,1,48,3,42,1,13,1,30,1,16,1,30,1,14,1,30,1,16,1,30,3,85,1,162,1,179,1,189,1,179,3,49,1,246,1,224,3,7,1,229,1,235,1,252,1,235,1,229,3,35,1,206,1,218,1,206,1,192,1,206,1,219,3,0,1,206,1,192,1,206,1,212,1,206,1,192,1,206,1,213,1,206,1,192,1,206,1,221,1,220,1,206,1,192,1,206,1,221,1,221,1,206,3,55,1,94,1,15,1,3,1,69,1,86,1,77,1,64,1,87,1,74,1,76,1,77,3,46,1,121,1,39,1,48,1,61,1,120,1,113,1,14,1,22,1,127,1,2,1,52,3,63,1,252,1,245,3,3,1,240,1,231,1,246,1,247,1,201,1,252,1,253,1,246,3,69,1,248,1,229,1,248,1,174,1,185,1,180,1,248,1,189,1,182,1,188,1,241,1,248,3,46,1,69,3,24,1,108,3,74,1,13,1,9,1,28,1,13,1,44,1,26,1,7,1,24,1,12,3,71,1,192,1,216,3,18,1,175,1,233,1,140,1,160,3,13,1,167,1,160,3,92,1,126,1,75,1,72,1,6,1,10,1,8,3,39,1,55404,1,56503,1,113,1,24,1,37,3,74,1,254,1,246,1,232,1,187,1,235,1,254,1,233,1,187,1,204,1,250,3,9,1,214,1,212,3,90,1,220,1,210,1,222,1,133,1,220,3,66,1,113,1,98,1,108,1,96,1,98,1,114,1,98,1,108,3,41,1,73,1,75,1,90,1,75,1,20,1,69,1,73,1,15,1,28,1,7,1,10,3,51,1,232,1,245,3,64,1,179,1,178,1,244,1,170,1,189,3,91,1,91,1,30,3,75,1,162,1,221,1,197,1,172,1,193,1,237,1,238,1,238,3,26,1,249,1,255,1,232,1,221,1,241,1,243,1,233,1,242,1,232,1,188,1,161,1,188,1,234,1,253,1,240,1,188,1,249,1,242,1,248,1,181,3,35,1,159,1,252,1,205,1,218,1,222,1,203,1,218,1,235,1,208,3,59,1,157,1,157,3,24,1,126,1,119,1,58,1,95,1,115,1,123,1,124,3,72,1,14,1,59,3,84,1,204,3,98,1,60,1,48,1,50,1,55341,1,56976,1,48,1,81,3,13,1,104,1,105,1,114,1,61,1,91,1,124,1,111,1,112,1,61,1,71,1,114,1,115,1,120,1,63,1,49,1,61,1,123,1,104,1,115,1,126,3,12,1,93,1,64,1,70,1,71,1,1,1,90,1,93,1,72,1,93,1,76,1,0,1,9,1,118,1,110,1,7,1,104,1,92,1,93,1,70,1,111,1,72,1,91,1,68,1,9,3,29,1,123,1,102,1,53,1,50,1,39,1,50,1,35,1,102,1,35,1,40,3,94,1,192,1,141,1,132,3,41,1,142,1,191,3,82,1,122,1,126,1,107,1,122,1,75,1,112,1,120,3,82,1,22,1,29,1,20,1,89,1,50,1,30,1,29,1,29,1,20,3,11,1,31,1,8,1,40,1,29,1,30,1,80,1,92,1,94,1,55361,1,56516,1,92,1,61,1,9,3,32,1,232,3,41,1,170,1,229,1,134,1,170,1,169,1,169,1,160,1,166,1,177,1,229,1,136,1,170,1,171,1,160,1,188,1,231,1,233,1,229,1,163,1,176,1,171,1,166,3,81,1,98,1,127,1,121,1,120,3,73,1,119,1,44,1,43,1,62,1,43,1,58,1,118,1,127,1,0,1,24,1,113,1,30,1,42,1,43,1,48,1,28,1,48,1,51,1,51,1,58,1,60,1,43,1,18,1,48,1,49,1,58,1,38,1,127,1,98,1,127,1,44,1,43,1,62,1,43,1,58,1,127,1,58,1,49,1,59,1,118,1,127,1,28,1,45,1,58,1,62,1,43,1,58,1,11,1,48,1,56,1,56,1,51,1,58,1,119,1,28,1,48,1,51,1,51,1,58,1,60,1,43,3,31,1,42,1,31,1,28,1,82,1,94,1,92,1,55363,1,56698,1,94,1,63,1,11,3,47,1,217,1,194,1,141,1,255,1,200,1,207,1,196,1,223,1,217,1,197,1,143,1,129,1,141,1,203,1,216,1,195,1,206,3,16,1,201,1,212,1,210,1,211,1,149,3,54,1,128,1,135,1,146,1,135,1,150,3,49,1,13,1,4,1,123,1,99,1,10,1,101,3,72,1,25,1,24,1,3,1,62,3,87,1,166,3,76,1,109,1,102,1,125,1,123,1,103,1,47,1,50,1,47,1,124,1,123,1,110,1,123,1,106,1,47,3,54,1,32,1,43,3,20,1,61,1,112,3,48,1,169,1,229,1,230,1,234,1,232,1,229,1,169,1,250,1,225,1,230,1,249,1,198,1,249,1,253,1,224,1,230,1,231,1,250,1,196,1,232,1,249,1,169,1,180,1,169,1,242,1,169,1,210,1,171,1,55476,1,56562,1,169,1,192,1,231,1,255,3,14,1,254,1,228,1,254,3,55,1,172,1,162,1,171,1,238,1,154,1,167,1,163,1,171,3,8,1,246,1,254,1,231,1,255,1,244,3,95,1,104,1,21,1,8,3,27,1,112,1,54,1,37,1,62,1,51,1,36,1,57,1,63,1,62,3,38,1,94,1,95,1,86,1,17,1,23,1,27,1,19,1,76,1,49,1,19,3,9,1,11,1,44,1,26,1,13,1,9,1,22,1,28,1,26,1,87,1,93,1,45,3,78,1,168,1,189,1,161,1,164,1,174,1,172,1,185,1,168,1,169,1,158,1,185,3,62,1,100,1,121,1,106,1,108,3,84,1,58,1,125,1,118,1,113,1,19,1,54,1,61,3,48,1,253,1,238,1,253,1,246,1,161,1,196,3,64,1,161,1,166,1,187,1,225,1,132,1,161,1,166,1,187,1,225,1,156,1,170,1,189,1,185,1,166,1,172,1,170,1,188,1,225,1,134,1,161,1,185,1,166,1,188,1,166,1,173,1,163,1,170,1,156,3,67,1,119,1,96,1,100,1,123,1,113,1,119,1,60,1,64,1,84,1,60,1,70,1,96,1,107,1,66,1,103,1,96,1,113,1,122,1,115,1,97,1,119,3,86,1,82,1,33,1,6,1,30,1,7,1,3,1,13,1,59,1,13,3,55,1,237,1,233,1,250,1,237,1,183,1,174,1,182,1,191,3,6,1,192,1,203,1,193,1,137,1,133,1,254,1,135,1,55448,3,96,1,56446,3,57,1,30,1,119,1,80,1,72,1,87,1,77,1,87,1,92,1,82,3,36,1,7,1,66,1,54,1,11,1,15,1,7,1,66,1,74,1,87,1,75,1,64,1,63,1,66,1,95,1,66,3,28,1,24,1,11,1,16,1,29,1,10,1,23,1,17,1,16,1,86,1,87,1,94,3,57,1,208,1,214,1,218,1,210,1,141,1,240,1,210,1,195,3,71,1,173,1,155,1,140,1,136,1,151,1,157,1,155,1,214,1,220,1,172,1,155,1,142,1,146,3,53,1,90,1,80,1,82,1,71,1,86,1,87,1,96,3,57,1,24,1,3,1,30,3,98,1,175,1,169,3,74,1,125,1,58,1,49,1,54,1,84,1,113,1,122,1,106,1,121,1,106,1,97,1,54,1,83,1,118,1,113,1,108,1,54,1,83,1,118,1,113,1,108,1,54,1,75,3,11,1,70,1,81,1,85,1,74,1,64,1,70,1,80,1,13,1,106,1,77,1,85,3,87,1,19,1,9,1,19,1,24,1,22,1,31,1,41,1,31,1,8,1,12,1,19,1,25,1,31,1,84,1,40,1,60,1,84,1,46,3,22,1,226,1,233,1,192,1,229,1,226,1,243,1,248,1,241,3,95,1,156,1,138,1,213,1,166,1,129,1,153,1,128,1,132,1,138,1,188,1,138,1,157,3,15,1,136,1,155,1,140,1,214,1,203,1,215,1,222,1,155,1,144,1,154,1,210,1,222,1,165,1,220,3,78,1,55409,1,56375,1,108,1,5,1,34,1,58,3,68,1,249,1,227,1,249,1,242,1,252,1,245,1,176,1,196,1,249,3,17,1,204,1,196,1,129,1,137,1,144,1,145,1,136,1,131,1,252,1,129,1,156,1,129,1,199,1,212,1,207,1,194,1,213,1,200,1,206,1,207,1,137,1,136,1,129,1,198,1,192,1,204,1,196,1,155,1,230,3,21,1,211,1,194,1,229,3,41,1,186,1,173,1,169,1,182,1,188,1,186,1,247,1,253,1,141,1,186,1,175,1,179,3,60,1,114,3,49,1,47,1,45,1,56,1,41,1,40,1,31,1,56,1,35,1,62,1,45,1,43,1,41,1,110,1,101,1,98,1,0,1,37,1,46,1,62,1,45,1,62,1,53,1,98,1,7,1,34,1,37,1,56,1,98,1,7,1,34,1,37,1,56,1,98,1,31,3,21,1,4,1,19,1,23,1,8,1,2,1,4,1,18,1,79,1,40,1,15,1,23,1,8,1,18,1,8,1,3,1,13,1,4,1,50,1,4,1,19,1,23,1,8,1,2,3,41,1,239,1,164,1,216,1,204,1,164,1,222,1,248,1,243,1,218,1,255,1,248,1,233,1,226,1,235,1,249,1,239,1,176,1,195,3,30,1,198,3,36,1,186,1,163,1,167,1,169,1,159,1,169,1,190,1,186,1,169,1,190,1,228,1,253,1,252,1,229,1,236,1,169,1,162,1,168,1,224,1,236,1,151,1,238,1,9837,1,236,1,159,1,188,1,169,1,169,1,168,1,236,1,153,1,188,1,236,1,228,1,253,1,229,1,238,1,145,1,236,1,241,1,236,1,170,1,185,1,162,1,175,1,184,3,61,1,96,1,102,1,103,1,33,1,32,1,41,1,110,1,104,1,100,1,108,1,51,1,78,1,108,1,125,1,90,1,108,1,123,3,20,1,107,1,116,1,126,1,120,1,53,1,63,1,79,1,120,1,109,1,113,1,116,1,126,1,124,1,105,1,120,1,121,1,78,1,105,1,114,1,111,3,97,1,31,1,25,1,27,1,92,1,87,1,80,1,50,1,23,1,28,1,12,1,31,3,37,1,209,1,218,1,141,3,24,1,240,1,213,1,210,1,207,1,149,3,36,1,148,1,177,1,182,1,171,1,241,1,140,1,186,3,75,1,88,1,92,1,67,1,73,1,79,1,89,1,4,1,121,1,90,1,79,1,79,1,78,1,121,1,79,1,88,1,92,1,67,3,52,1,61,1,59,3,63,1,179,1,207,1,219,1,179,3,26,1,227,1,197,1,206,1,231,3,99,1,111,1,104,1,121,3,20,1,70,1,79,1,93,1,75,1,20,1,103,3,64,1,0,1,24,3,75,1,214,1,210,1,220,1,234,1,220,1,203,1,207,1,220,3,30,1,165,1,255,1,230,1,254,1,247,1,178,1,185,1,179,1,251,1,247,1,140,1,245,3,19,1,9803,1,202,1,185,1,154,1,143,1,143,1,142,3,80,1,26,1,111,1,74,1,26,1,18,1,15,1,19,3,73,1,161,1,222,1,163,1,190,1,163,1,229,1,246,1,237,1,224,3,35,1,210,1,207,1,201,1,200,1,142,1,143,1,134,1,193,3,66,1,137,1,133,1,141,1,210,1,175,1,141,1,156,1,187,1,141,1,154,1,158,1,129,1,139,1,141,1,192,1,202,1,186,1,141,3,47,1,103,1,123,1,126,1,116,1,118,1,99,1,114,1,115,1,68,1,99,1,120,1,101,1,118,1,112,3,49,1,45,1,106,1,97,3,25,1,79,1,45,1,8,1,3,1,19,1,0,1,19,1,24,1,79,1,42,1,15,1,8,1,21,1,79,1,42,1,15,1,8,1,21,1,79,1,50,1,4,1,19,1,23,1,8,3,33,1,225,1,231,1,241,1,172,1,209,3,73,1,187,1,174,1,174,1,175,1,152,1,174,1,185,1,189,1,162,1,168,1,174,1,229,1,153,1,141,1,229,1,159,1,185,1,178,1,155,3,12,1,162,3,21,1,158,1,143,1,132,1,141,1,159,1,137,3,29,1,51,1,64,1,103,1,127,1,102,1,98,1,108,1,90,1,108,1,123,1,127,1,108,1,123,3,18,1,51,1,46,3,50,1,100,1,109,1,40,1,35,1,41,1,97,1,109,1,22,1,111,1,9964,1,109,1,30,1,61,1,40,1,40,1,41,1,109,1,24,1,61,1,109,3,77,1,178,1,171,1,170,1,179,1,184,1,199,1,186,3,43,1,248,3,43,1,208,3,93,1,43,1,56,1,35,1,46,1,57,1,36,1,34,1,35,3,30,1,67,1,66,1,75,3,18,1,26,1,28,1,16,1,24,1,71,1,58,1,24,1,9,1,46,1,24,1,15,1,11,1,20,1,30,1,24,1,85,1,95,3,53,1,224,1,215,1,194,1,222,1,219,1,209,1,211,1,198,3,34,1,177,1,176,1,135,1,160,1,187,1,166,1,181,1,179,1,177,1,246,1,253,3,73,1,51,1,81,1,116,1,127,1,111,1,124,1,111,1,100,1,51,1,86,1,115,1,116,1,105,1,51,3,29,1,113,1,84,1,83,1,78,1,20,1,105,1,95,3,69,1,13,1,9,1,22,1,28,1,26,1,12,1,81,1,44,1,15,1,26,1,26,1,27,1,44,1,26,1,13,1,9,1,22,1,28,1,26,3,58,1,151,3,2,1,233,1,253,3,85,1,62,1,68,1,98,1,105,1,64,1,101,1,98,3,61,1,46,1,37,1,44,1,62,1,40,1,119,1,4,1,35,1,59,1,34,1,38,1,40,1,30,3,16,1,56,1,47,3,22,1,5,1,22,1,1,1,91,3,33,1,165,1,164,1,189,1,180,1,241,1,250,1,240,1,184,1,180,1,207,1,182,3,44,1,55548,1,57170,1,224,1,131,1,161,1,178,1,178,1,185,1,224,1,149,1,176,3,68,1,99,1,118,1,101,1,96,1,97,3,55,1,25,1,102,1,27,1,6,1,27,1,93,3,19,1,59,1,32,1,45,1,58,1,39,1,33,1,32,1,102,1,103,1,110,1,41,1,47,1,35,1,43,1,116,1,9,1,43,1,58,1,29,1,43,1,60,1,56,1,39,1,45,1,43,1,102,1,108,1,28,1,43,1,62,3,8,1,58,1,63,1,53,1,55,1,34,1,51,1,50,1,5,1,34,1,57,1,36,1,55,1,49,1,51,1,116,1,127,1,120,3,69,1,215,1,242,1,249,1,233,1,250,1,233,1,226,3,72,1,205,1,168,1,141,1,138,1,151,1,205,1,168,1,141,1,138,3,83,1,66,1,24,1,101,1,83,3,99,1,235,1,239,1,240,1,250,1,252,1,234,1,183,1,218,1,248,1,235,1,235,1,224,1,202,1,252,1,235,1,239,3,93,1,159,1,149,1,147,1,216,3,0,1,164,3,86,1,10,1,98,1,24,1,62,1,53,1,25,1,60,1,43,1,62,3,70,1,243,1,246,1,247,3,23,1,147,1,224,1,199,1,223,1,198,1,194,1,204,1,250,3,54,1,186,1,173,1,169,3,17,1,149,1,130,1,216,1,217,3,35,1,51,1,118,1,125,1,119,1,63,1,51,1,110,1,51,1,127,1,124,1,112,1,114,1,127,1,51,1,96,1,123,1,124,1,99,1,92,1,99,1,103,1,122,3,77,1,15,1,14,1,19,1,44,1,9,3,66,1,209,1,214,1,130,1,159,3,83,1,213,1,142,1,213,1,215,1,55496,1,56462,1,213,1,188,3,2,1,153,1,129,1,158,1,132,1,158,1,149,1,155,3,36,1,126,3,68,1,127,1,11,1,54,1,50,1,58,1,127,1,119,1,110,1,118,3,38,1,167,1,169,1,165,1,167,1,55480,1,56574,1,165,1,204,3,56,1,211,1,203,1,212,1,206,1,212,1,223,1,209,1,216,1,157,1,233,1,212,1,208,1,216,3,87,1,52,1,60,1,33,1,61,1,54,1,56,1,52,1,54,1,55337,3,92,1,56331,1,80,1,57,1,30,1,6,1,25,1,3,1,25,1,18,1,28,1,21,1,80,3,22,1,210,1,239,1,235,1,227,1,166,1,174,3,75,1,224,3,66,1,35,1,58,1,49,1,63,1,51,1,49,1,9906,1,51,1,64,1,99,1,118,1,118,1,119,1,51,1,70,1,99,1,51,1,59,1,34,1,58,1,49,1,63,1,51,1,49,1,9906,1,51,1,64,1,99,1,118,1,118,3,87,1,14,1,74,1,63,1,26,1,74,1,66,1,95,1,67,1,72,3,25,1,175,1,163,1,161,1,9762,1,163,1,208,1,243,1,230,1,230,1,231,3,84,1,247,1,130,1,167,1,247,1,255,1,230,1,231,1,254,1,245,1,251,1,247,1,245,1,55531,1,57157,1,247,1,148,1,182,1,165,1,165,1,174,1,247,1,130,1,167,1,176,1,165,1,182,1,179,1,178,1,245,1,247,1,170,1,247,1,148,1,165,1,178,1,182,1,163,1,178,1,147,1,165,1,184,1,167,1,179,1,184,1,160,1,185,1,255,1,132,1,191,1,184,1,167,1,131,1,182,1,181,1,251,1,247,1,245,1,55530,1,56837,1,247,1,132,1,178,1,187,1,178,1,180,1,163,1,247,1,158,1,163,1,178,1,186,1,245,1,251,1,247,1,164,1,191,1,184,1,167,1,152,1,167,1,163,1,190,1,184,1,185,1,164,1,155,1,190,3,46,1,118,1,113,1,41,1,37,1,99,1,112,1,107,1,102,1,113,1,108,1,106,1,107,1,45,1,115,1,100,1,105,1,44,1,37,1,90,1,66,1,43,1,86,3,22,1,126,1,119,1,126,1,120,1,111,1,126,1,127,1,72,1,115,3,42,1,42,1,53,1,12,1,49,1,32,1,40,1,101,1,120,3,77,1,178,1,228,1,243,1,254,1,178,1,247,1,252,1,246,1,187,1,178,1,209,1,224,1,247,1,243,1,230,1,247,1,208,1,231,1,230,1,230,1,253,1,252,1,186,1,193,1,250,1,253,1,226,1,198,1,243,1,240,1,190,1,178,1,176,1,55471,1,56353,1,178,1,208,1,199,1,203,1,178,1,193,3,4,1,211,1,218,1,211,1,213,1,194,1,211,1,210,1,182,1,223,1,194,1,211,1,219,1,180,1,186,1,182,1,240,1,227,1,248,1,245,1,226,1,255,1,249,1,248,1,190,1,191,1,182,1,255,1,240,1,182,1,229,1,254,1,249,1,230,3,38,1,243,1,204,1,200,1,213,1,211,1,210,1,207,1,241,1,221,3,93,1,105,1,66,1,70,1,94,3,97,1,84,1,41,1,31,1,22,1,31,1,25,1,14,1,31,1,30,1,41,1,18,1,21,1,10,1,51,1,14,1,31,1,23,1,39,1,90,1,14,1,18,1,31,3,88,1,188,1,242,1,162,1,177,1,179,1,190,1,190,1,250,3,0,1,180,1,167,1,188,1,177,1,166,1,187,1,189,3,31,1,159,1,217,3,90,1,98,1,107,1,56,1,35,1,36,1,59,1,4,1,59,1,63,1,34,1,36,3,92,1,201,1,212,1,234,1,198,1,215,1,252,1,248,1,224,1,137,3,63,1,181,1,131,1,138,1,131,1,133,1,146,1,131,3,13,1,151,1,160,1,155,1,156,1,131,1,186,3,46,1,85,3,52,1,48,1,56,1,8,1,125,1,124,1,117,1,48,1,59,1,49,1,124,1,117,1,48,1,59,1,49,1,117,3,9,1,59,3,62,1,242,1,248,1,181,1,188,1,240,1,243,1,255,1,253,1,240,1,188,1,250,1,233,1,242,1,255,1,232,1,245,1,243,3,93,1,151,1,217,1,152,1,157,1,157,1,181,1,152,1,155,1,156,1,149,1,209,1,141,1,129,1,141,1,213,1,217,1,154,1,149,1,139,1,208,1,217,1,149,1,150,1,154,1,152,1,149,3,46,1,7,1,75,3,39,1,110,1,115,1,110,1,7,1,32,1,61,1,58,1,47,1,32,1,45,1,43,3,45,1,85,1,21,1,30,1,12,1,83,1,89,1,47,1,30,1,3,1,15,1,55,1,26,1,25,1,30,1,23,1,89,1,87,1,91,1,50,1,21,1,29,1,20,1,47,1,26,3,41,1,198,1,141,1,132,1,200,1,138,1,247,1,205,1,222,1,193,1,132,1,153,1,132,1,241,1,224,1,205,1,201,1,150,1,138,1,202,1,193,1,211,3,50,1,254,1,231,1,250,1,246,1,230,3,10,1,204,1,192,1,208,1,204,1,192,1,210,1,213,1,201,1,192,1,140,1,206,1,162,3,29,1,156,1,158,1,150,1,154,1,143,1,146,1,136,1,147,1,153,3,68,1,21,1,51,3,22,1,54,1,57,3,79,1,213,1,214,1,199,1,212,1,195,1,200,1,197,1,223,3,84,1,218,1,199,1,218,1,203,1,218,1,150,1,212,1,174,1,159,1,130,1,142,1,218,1,199,1,218,1,142,1,130,1,142,1,218,1,150,3,63,1,23,1,109,1,92,1,65,1,77,1,122,1,86,1,85,1,86,1,75,1,10,1,25,1,4,1,25,1,90,1,85,1,75,1,25,1,85,1,23,1,127,1,86,1,87,1,77,1,25,1,4,1,25,1,124,1,87,1,76,1,84,1,23,3,25,1,20,1,61,1,60,1,38,3,60,1,160,1,201,1,225,3,16,1,234,3,95,1,149,1,156,1,144,3,32,1,95,1,114,1,113,1,121,1,61,1,113,1,51,1,73,1,120,1,101,1,105,1,78,1,116,1,103,3,74,1,2,1,71,1,90,1,71,1,86,1,85,3,83,1,154,1,223,1,212,1,222,1,154,1,219,1,222,1,222,1,246,1,219,1,216,1,223,1,214,1,146,1,152,1,55430,1,57338,1,154,3,31,1,155,1,188,1,186,1,182,1,180,1,188,1,249,1,144,1,183,1,175,3,29,1,159,3,48,1,85,1,79,1,68,1,74,1,67,1,6,1,96,1,73,1,84,1,6,3,87,1,63,1,15,1,28,1,20,1,19,1,15,1,18,1,9,1,14,1,95,1,81,1,93,1,41,1,21,1,24,1,16,1,24,1,83,1,46,1,8,1,30,1,30,1,24,1,14,1,14,1,84,1,93,1,28,1,25,1,25,1,49,1,28,1,31,1,24,1,17,1,85,1,95,1,55361,1,57154,1,93,1,31,1,4,1,93,1,59,1,28,1,4,3,11,1,225,3,29,1,203,1,209,1,223,1,135,1,137,1,133,1,241,1,205,1,192,1,200,1,192,1,139,1,246,1,208,1,198,1,198,1,192,1,214,1,214,1,140,1,133,1,196,1,193,1,193,1,233,1,196,1,199,1,192,1,201,1,141,3,32,1,231,1,55544,1,56456,1,229,1,137,3,28,1,136,1,138,1,132,1,193,1,128,1,143,1,133,1,193,1,135,1,142,1,141,1,141,1,142,1,150,1,195,1,205,3,20,1,213,1,161,1,157,1,144,1,152,1,144,1,219,1,166,1,128,3,90,1,44,1,44,1,42,1,60,1,60,1,102,1,111,1,46,1,43,1,43,1,3,1,46,3,3,1,48,1,55,1,62,1,122,1,112,1,9700,1,65117,3,13,1,127,1,6,1,48,1,42,1,11,1,42,1,61,1,58,1,127,1,49,1,48,1,127,3,77,1,213,1,216,1,140,1,228,1,249,1,238,1,142,3,11,1,155,1,151,1,227,3,55,1,134,3,59,1,76,1,68,3,50,1,62,1,117,1,8,1,46,1,56,1,56,1,62,1,40,1,40,1,114,1,123,1,58,1,63,1,63,1,23,3,39,1,227,1,224,1,231,1,238,1,170,3,23,1,187,3,15,1,55445,1,57162,1,136,1,225,1,220,1,136,3,40,1,167,3,86,1,73,1,84,1,77,1,85,1,4,1,10,1,6,1,114,1,78,1,67,1,75,1,67,1,8,1,117,1,83,1,69,1,69,1,67,3,79,1,6,1,6,1,92,1,85,1,20,1,17,1,17,1,57,1,20,1,23,1,16,1,25,1,93,1,87,1,55368,1,56641,1,85,1,33,1,29,1,16,1,7,1,16,1,85,1,2,1,28,1,25,1,25,3,58,1,143,1,205,1,202,1,143,1,193,3,56,1,136,1,199,1,146,1,151,1,131,1,134,3,95,1,50,1,35,1,53,1,102,1,32,1,41,1,52,1,102,1,50,1,46,3,93,1,202,1,208,1,131,3,76,1,136,1,142,1,130,1,138,3,69,1,26,1,20,1,26,1,22,1,24,1,20,1,96,1,92,1,81,1,89,1,81,1,26,1,103,3,0,1,65,1,87,1,87,1,81,3,22,1,57,1,57,1,99,1,106,3,19,1,41,1,60,1,46,1,54,1,115,3,77,1,217,3,19,1,205,1,220,1,202,1,211,1,149,1,219,1,200,1,211,1,222,1,201,1,212,3,37,1,141,1,140,1,202,1,203,1,194,1,149,1,138,1,139,1,142,1,135,3,24,1,218,1,142,1,155,1,137,1,145,1,212,1,141,1,155,1,147,1,142,1,210,1,202,1,212,1,203,1,211,1,218,1,158,1,149,1,218,1,147,1,156,1,218,3,33,1,68,1,92,1,53,1,90,1,110,3,74,1,17,1,10,1,35,1,4,1,23,3,59,1,205,1,128,1,212,1,200,1,197,1,206,3,75,1,203,1,155,1,136,1,138,1,135,1,135,1,195,1,141,1,158,1,133,1,136,1,159,1,130,1,132,1,133,1,195,1,194,3,64,1,11,3,61,1,4,1,7,1,11,1,9,1,4,1,72,1,11,1,0,1,9,1,26,1,72,1,85,1,72,1,24,1,4,1,9,1,17,1,13,3,42,1,224,1,188,3,42,1,255,1,212,1,221,1,206,1,221,1,223,1,200,1,217,1,206,1,156,1,208,1,211,1,223,1,221,1,208,1,156,1,212,3,55,1,129,1,131,1,211,1,206,1,211,1,144,1,155,1,146,1,129,1,211,1,146,3,99,1,56,1,50,3,2,1,120,1,59,1,48,1,57,1,42,1,98,1,30,1,49,1,54,1,60,1,30,1,49,1,42,3,74,1,209,3,87,1,141,3,83,1,15,1,36,1,37,1,32,1,40,1,100,1,110,1,4,1,57,1,33,1,45,1,34,1,35,1,37,1,40,1,30,1,35,1,35,1,56,1,28,1,45,1,62,1,56,1,110,1,101,1,108,3,14,1,54,1,53,3,32,1,25,1,27,3,93,1,187,1,247,1,173,1,184,1,185,1,178,1,147,1,182,3,84,1,95,1,74,1,11,1,22,1,11,1,92,1,68,1,89,3,77,1,19,1,11,3,41,1,209,1,192,3,76,1,142,1,136,1,195,1,178,1,178,1,160,3,53,1,99,1,114,1,12,3,85,1,36,3,77,1,176,1,165,1,163,1,161,1,183,1,254,1,130,1,173,1,170,1,160,1,130,1,173,3,12,1,162,1,163,3,88,1,92,1,107,1,64,1,65,1,68,1,76,1,0,1,92,3,93,1,234,1,246,1,241,1,247,1,236,1,235,1,226,3,86,1,243,1,132,1,156,1,245,1,136,1,190,1,183,1,190,1,184,1,175,1,190,1,191,1,129,1,180,1,181,1,190,1,242,1,242,1,251,1,183,1,180,1,184,1,186,1,183,3,37,1,32,1,122,3,26,1,117,1,116,1,127,1,74,1,123,1,104,3,42,1,48,1,100,1,121,1,100,1,62,1,43,1,42,1,33,1,0,1,37,1,48,3,76,1,241,1,176,1,241,1,254,1,244,3,55,1,231,1,189,1,168,1,169,1,162,1,131,1,166,1,179,3,83,1,123,1,32,3,85,1,41,1,6,1,1,3,29,1,232,1,202,1,229,1,254,1,255,1,248,1,207,1,228,1,229,3,38,1,222,1,214,1,154,1,144,1,232,1,221,1,220,1,215,1,144,1,155,1,146,3,14,1,169,1,166,1,224,1,168,1,178,1,176,1,224,1,161,1,174,1,164,1,224,1,186,1,175,1,174,1,165,1,144,1,161,1,178,1,180,1,224,1,180,1,168,1,165,1,174,1,224,1,168,1,178,1,176,1,238,1,131,1,134,1,178,1,161,3,62,1,147,1,155,1,222,1,195,1,222,1,132,1,145,1,144,1,155,1,174,1,159,1,140,1,138,1,208,1,189,1,184,1,140,3,73,1,38,1,42,1,34,1,103,1,51,1,38,1,52,1,44,1,105,1,48,1,38,1,46,1,51,1,111,1,119,1,105,1,118,1,114,1,110,1,103,1,43,1,40,3,16,1,52,1,54,1,59,1,119,3,0,1,62,1,35,1,50,1,58,1,36,3,64,1,209,1,248,1,251,3,34,1,221,1,220,1,203,3,23,1,240,1,237,1,240,1,167,1,191,1,162,1,187,1,163,1,160,1,177,1,179,1,181,1,234,1,150,1,185,1,190,1,180,3,36,1,178,1,157,3,48,1,86,1,87,1,80,3,81,1,54,1,29,1,28,1,25,1,17,1,93,1,87,1,54,1,52,1,38,1,54,1,61,1,48,1,38,1,87,1,92,3,79,1,228,1,165,3,66,1,104,1,98,1,38,1,113,1,105,1,116,1,109,1,117,3,41,1,95,1,78,3,44,1,56,1,62,3,38,1,175,1,194,1,192,1,210,1,194,1,201,1,196,1,210,1,187,1,199,1,232,1,239,1,229,1,199,1,232,1,243,1,242,1,245,1,194,1,233,1,232,1,237,1,229,1,169,1,163,1,210,1,209,1,192,1,214,1,207,1,196,1,197,1,222,1,200,1,213,1,196,1,204,1,210,1,163,1,168,1,161,1,237,1,238,1,226,1,224,1,237,1,161,1,245,3,50,1,210,1,193,1,212,1,214,3,51,1,146,1,167,1,139,1,137,1,147,1,136,1,146,1,198,1,219,1,198,1,146,1,137,1,136,1,147,1,139,1,132,1,131,1,148,1,206,1,185,1,161,3,91,1,111,1,2,1,46,1,45,1,45,1,36,1,34,1,53,1,0,1,44,1,46,1,52,1,47,1,53,3,3,1,109,1,100,1,43,1,54,1,100,1,117,3,21,1,121,1,53,3,35,1,19,1,31,3,77,1,168,1,165,1,233,1,170,1,166,1,165,1,165,1,172,1,170,1,189,1,172,3,84,1,121,1,94,3,94,1,20,3,72,1,182,1,173,3,91,1,106,1,62,1,35,1,62,1,46,1,62,1,119,1,120,1,62,1,119,1,106,1,123,1,115,1,109,1,88,1,113,1,114,1,122,1,123,1,108,1,62,1,106,1,118,3,94,1,25,1,18,1,92,1,26,3,3,1,16,3,88,1,165,1,247,1,136,1,251,1,247,1,190,1,163,1,178,1,186,1,247,1,190,1,185,1,247,1,167,1,182,1,190,1,165,1,164,1,255,3,2,1,176,1,173,1,188,1,180,1,170,3,37,1,184,1,145,1,146,1,154,3,52,1,87,1,64,1,8,1,117,3,92,1,235,3,66,1,164,1,147,1,184,1,185,1,188,1,180,1,162,1,181,1,190,1,248,1,249,1,249,1,240,1,180,1,191,1,240,1,185,1,182,1,240,1,190,1,191,1,164,1,240,1,143,3,41,1,190,1,215,1,184,3,15,1,125,1,124,1,103,3,23,1,89,3,78,1,12,1,31,1,0,1,77,1,25,1,5,1,8,1,3,1,77,1,15,1,31,1,8,3,29,1,235,1,225,1,170,1,239,1,228,1,238,1,170,1,230,3,36,1,193,1,205,1,207,1,194,3,67,1,209,1,133,3,6,1,150,1,133,1,144,1,146,3,55,1,90,1,126,1,79,1,92,1,90,1,14,3,42,1,101,1,120,1,49,1,44,1,61,1,53,1,98,1,17,1,43,1,25,1,112,1,122,1,26,3,80,1,201,1,219,1,205,1,248,1,201,1,218,1,220,1,138,1,129,1,136,1,201,1,198,1,204,1,136,1,193,1,220,3,85,1,152,1,144,1,221,1,146,1,143,1,221,1,148,3,58,1,67,1,82,1,90,1,13,1,113,1,94,1,89,1,83,1,113,1,94,3,62,1,7,1,6,1,1,1,54,1,29,1,28,1,25,3,69,1,222,3,9,1,148,1,171,1,170,3,59,1,157,1,150,1,183,1,141,1,191,1,214,1,220,1,188,1,159,1,141,1,155,1,174,1,159,1,140,3,30,1,104,1,62,1,48,1,60,1,104,1,110,1,105,1,121,1,53,1,60,3,93,1,16,1,31,1,89,1,13,1,24,1,11,1,30,1,28,1,13,3,58,1,227,1,210,1,193,1,199,3,71,1,218,1,142,1,146,1,159,1,148,3,38,1,0,1,76,3,48,1,63,3,65,1,242,1,240,1,253,1,177,1,245,1,248,1,226,1,229,1,240,1,255,1,242,1,244,1,197,1,254,1,203,1,254,1,255,1,244,1,177,1,172,1,177,1,185,1,229,1,240,1,227,1,246,1,244,1,229,1,193,1,240,1,227,1,229,1,191,1,193,1,254,1,226,1,248,1,229,1,248,1,254,1,255,1,177,1,188,1,177,1,235,1,254,1,255,1,244,1,193,1,240,1,227,1,229,3,62,1,225,1,159,1,160,1,188,1,166,3,87,1,82,1,79,1,73,1,72,1,15,3,16,1,24,1,123,1,87,1,81,1,88,1,95,1,66,3,14,1,49,1,32,3,45,1,20,1,81,1,24,1,23,1,81,1,21,1,24,1,2,1,5,1,16,1,31,1,18,1,20,1,37,1,30,1,43,1,30,1,31,1,20,3,83,1,228,1,248,3,20,1,248,1,233,1,237,1,232,1,248,1,172,1,176,1,189,1,182,1,248,1,176,1,170,1,168,1,246,1,155,1,158,1,170,1,185,1,181,1,189,1,248,1,229,1,248,1,172,1,185,1,170,1,191,1,189,1,172,1,136,1,185,1,170,1,172,1,246,1,155,1,158,1,170,1,185,1,181,1,189,1,248,3,73,1,11,1,1,1,98,1,103,1,83,1,64,1,76,1,68,1,15,1,79,1,68,1,86,1,9,1,17,1,13,1,1,1,19,1,13,1,1,1,17,1,8,1,1,1,85,1,64,1,82,1,74,1,15,1,86,1,64,1,72,1,85,3,2,1,11,1,19,1,13,3,71,1,91,1,67,1,74,1,6,1,5,1,9,1,11,1,6,1,74,1,26,1,24,3,45,1,248,1,250,3,94,1,133,1,129,1,213,1,200,1,213,1,156,1,129,1,144,1,152,1,207,1,179,1,156,1,155,1,145,1,179,1,156,1,135,3,43,1,83,1,84,3,6,1,101,1,78,1,79,1,74,1,66,1,113,1,78,1,79,1,69,1,78,1,111,1,85,1,103,3,32,1,110,1,100,1,22,1,52,1,41,1,62,1,47,1,43,1,47,1,50,1,63,3,88,1,206,1,236,1,241,1,243,1,238,1,234,1,188,1,178,1,190,1,234,1,236,1,235,1,251,3,81,1,198,1,207,1,134,1,137,1,207,1,159,1,157,1,128,1,130,1,159,1,155,1,207,1,155,1,135,1,138,1,129,1,207,3,84,1,51,3,53,1,10,1,23,1,21,1,8,1,12,1,86,1,42,1,29,1,9,3,67,1,206,1,210,1,201,1,222,1,200,1,247,1,210,1,213,1,222,3,26,1,154,1,179,1,134,1,188,1,178,1,189,1,161,3,12,1,193,1,220,1,193,1,135,1,128,1,141,3,47,1,99,1,117,1,48,1,118,1,121,1,98,1,117,1,96,1,98,1,127,1,104,1,121,1,125,1,121,1,100,1,105,3,95,1,31,3,12,1,9,1,20,1,22,1,11,1,15,1,83,1,11,1,9,1,20,1,22,1,11,1,15,1,82,1,91,1,15,1,26,1,8,1,16,1,85,1,12,3,73,1,165,1,173,1,176,1,236,1,244,1,234,1,244,1,241,1,237,1,228,1,162,1,173,1,182,1,161,1,180,1,182,1,171,1,188,1,173,1,169,3,19,1,190,3,68,1,111,1,98,1,107,3,63,1,40,1,53,1,55,3,25,1,3,1,7,1,91,1,3,1,1,1,28,1,30,1,3,1,7,1,90,1,83,1,22,1,31,3,88,1,184,1,174,1,235,3,73,1,114,1,125,1,102,1,113,1,96,1,123,1,97,1,119,1,124,1,125,1,122,3,62,1,38,1,55,1,32,3,29,1,10,1,28,1,27,3,34,1,185,1,249,1,227,1,225,1,189,1,177,1,229,3,63,1,177,3,77,1,111,1,122,3,30,1,94,1,79,1,107,1,90,1,73,1,79,1,23,1,27,1,11,1,18,1,27,1,93,3,39,1,11,1,16,3,27,1,24,1,9,1,18,1,8,1,30,1,21,1,20,1,19,1,9,1,24,1,15,1,24,1,14,1,9,1,85,1,21,1,15,1,13,1,81,1,93,1,9,3,43,1,201,3,50,1,168,1,189,1,191,1,174,1,138,1,187,1,168,1,174,1,246,1,250,1,235,1,243,1,250,1,191,1,180,3,31,1,157,1,217,1,141,1,152,1,138,1,146,1,215,1,142,1,152,1,144,1,141,1,209,1,201,3,59,1,26,1,6,1,29,1,20,1,87,1,91,1,88,1,88,1,81,1,87,1,64,1,81,1,80,1,119,3,67,1,24,1,2,1,25,1,3,1,87,1,74,1,87,1,20,1,24,1,27,1,27,1,18,1,20,3,57,1,196,1,213,1,212,1,243,1,223,1,197,1,222,1,196,1,144,1,155,1,144,3,66,1,195,1,210,1,155,1,148,1,210,1,145,1,157,1,158,1,158,1,151,1,145,1,134,1,151,1,150,1,177,1,157,1,135,1,156,1,134,1,210,1,204,1,207,1,210,1,134,3,96,1,51,1,32,3,52,1,225,1,227,1,242,1,199,3,95,1,136,1,138,3,68,1,92,1,71,1,93,1,9,1,93,1,65,1,76,1,71,1,9,1,75,1,91,1,76,1,72,1,66,1,9,1,76,1,71,1,77,1,9,1,76,1,71,1,77,1,9,1,76,1,71,1,77,1,9,1,76,1,71,1,77,1,9,1,76,1,71,1,77,1,9,1,64,1,79,1,9,3,52,1,62,1,50,1,49,1,49,1,56,1,62,1,41,1,56,1,57,1,30,1,50,1,40,1,51,1,41,1,125,1,99,1,125,1,109,1,125,1,41,1,53,1,56,1,51,1,125,1,53,1,47,1,45,1,115,1,30,1,27,1,47,3,56,1,244,1,248,1,240,1,181,3,87,1,209,1,204,1,191,1,141,1,138,1,137,1,182,1,131,1,130,1,137,1,175,3,54,1,100,1,80,1,67,1,79,1,71,3,56,1,122,1,46,1,59,1,41,1,49,1,116,1,45,1,59,1,51,3,7,1,21,1,73,3,10,1,91,1,69,1,88,1,66,3,72,1,147,1,214,1,221,1,215,1,147,1,214,3,60,1,129,1,139,1,207,1,138,1,129,3,46,1,121,1,52,1,61,1,120,3,71,1,10,1,0,1,68,1,1,1,10,1,0,1,68,1,1,1,10,1,0,1,77,1,68,1,16,3,32,1,229,1,247,1,239,1,170,1,247,3,87,1,171,1,186,1,172,1,181,1,243,1,189,3,92,1,66,1,89,3,21,1,47,1,56,1,37,1,35,1,34,1,100,1,101,1,108,1,59,1,36,1,37,3,18,1,50,1,59,1,126,3,94,1,200,3,4,1,161,1,179,1,171,1,238,1,183,1,161,1,169,1,180,1,232,1,242,1,233,1,224,1,164,1,175,1,224,1,169,3,41,1,143,1,201,1,182,1,174,1,199,1,168,1,156,1,157,1,134,1,170,3,19,1,147,1,144,1,144,1,153,1,159,1,136,1,177,1,147,1,146,1,153,1,133,1,220,3,71,1,55,1,43,1,38,1,45,1,99,1,51,1,32,3,63,1,227,1,238,1,238,1,170,1,228,1,247,1,236,1,225,1,246,1,235,1,237,1,236,1,170,1,171,1,162,1,228,1,237,1,240,1,162,1,235,3,35,1,133,3,99,1,53,1,40,1,57,1,36,1,40,1,60,1,56,3,11,1,51,1,119,1,124,1,51,1,127,1,124,1,112,1,114,1,127,1,51,1,114,1,97,1,116,3,87,1,25,1,74,1,87,1,74,3,76,1,205,1,150,1,237,1,135,1,235,1,150,1,139,1,150,1,194,1,217,1,197,1,194,3,76,1,112,1,107,1,108,1,101,1,42,1,107,1,43,1,34,1,127,1,34,1,101,1,99,1,111,1,103,1,56,1,69,1,103,1,118,3,17,1,64,1,118,1,97,1,101,1,122,1,112,1,118,1,59,1,49,1,65,3,24,1,78,1,91,1,71,1,66,1,72,1,74,1,95,1,78,1,79,1,120,1,95,1,68,1,89,1,74,1,76,1,78,1,9,1,2,3,23,1,108,1,14,1,43,1,32,1,48,1,35,1,48,1,59,1,108,1,9,1,44,1,43,3,58,1,8,1,82,1,55,1,18,1,21,1,8,3,54,1,156,1,225,1,215,1,192,1,196,1,219,1,209,1,215,1,193,1,156,1,225,3,70,1,148,1,151,1,140,1,171,1,157,1,138,1,142,1,145,1,155,1,157,1,214,1,170,1,190,1,214,1,172,1,138,1,129,1,187,1,151,1,148,1,148,1,157,1,155,1,140,1,187,3,78,1,51,1,52,1,52,1,35,1,40,1,37,1,63,1,124,1,15,1,40,3,92,1,212,1,205,1,201,1,199,1,241,1,199,1,208,1,212,1,199,1,208,3,18,1,156,1,193,1,218,1,196,1,213,1,215,1,223,1,156,1,213,1,198,3,54,1,141,1,153,1,195,1,195,1,202,1,143,1,132,1,142,1,202,1,143,1,132,1,142,1,195,1,202,1,143,3,59,1,75,1,65,1,5,1,64,1,75,1,65,1,5,1,64,1,75,1,65,1,12,1,5,1,81,1,68,1,86,1,78,1,11,1,86,1,85,1,68,1,82,1,75,1,13,1,67,3,25,1,75,1,80,1,93,1,74,1,87,1,81,1,80,1,22,1,23,1,30,1,73,1,86,1,87,1,82,1,91,1,30,3,53,1,7,1,18,1,0,1,24,1,93,1,4,1,18,1,26,1,7,1,91,3,38,1,172,1,176,1,185,3,57,1,182,1,189,1,242,1,187,1,180,1,242,1,141,1,149,1,252,1,147,1,167,1,166,1,189,1,128,1,183,1,176,1,187,1,160,1,166,1,186,1,242,3,34,1,128,3,4,1,144,1,157,1,150,1,216,1,136,1,155,1,153,1,148,1,148,1,208,1,158,1,141,1,150,1,155,1,140,3,49,1,64,1,70,1,71,1,1,1,0,1,9,1,78,1,72,1,68,1,76,1,19,1,110,1,76,1,93,1,122,1,76,1,91,1,95,1,64,1,74,1,76,1,1,1,11,1,123,1,76,1,89,1,69,1,64,3,47,1,59,1,57,3,15,1,19,1,2,1,3,1,52,1,19,1,8,1,21,1,6,1,0,1,2,1,69,1,78,1,73,1,43,1,14,1,5,1,21,1,6,3,26,1,243,1,248,1,175,1,202,1,239,1,232,1,245,1,175,3,68,1,142,1,171,1,172,3,46,1,135,1,221,1,160,1,150,1,129,1,133,1,154,1,144,1,150,3,27,1,125,1,32,3,64,1,28,1,43,1,44,1,39,1,60,1,58,1,38,1,29,1,43,3,93,1,217,1,221,1,194,1,200,1,206,1,133,1,249,1,237,1,133,1,255,3,8,1,193,1,202,1,225,3,77,1,101,1,98,1,105,1,114,1,116,1,104,1,58,1,73,1,110,1,118,1,111,1,107,1,101,3,63,1,108,1,90,1,77,1,73,1,90,1,77,1,23,1,22,1,31,1,90,1,81,1,91,1,22,1,31,1,90,1,81,1,91,1,31,1,90,1,81,1,91,1,31,1,90,1,81,1,91,1,22,1,31,1,75,1,80,1,88,1,88,1,83,1,90,1,125,1,75,1,81,1,17,1,114,1,80,3,55,1,3,1,5,1,19,1,52,1,3,1,2,1,2,1,25,1,24,3,58,1,129,1,243,1,220,1,217,1,211,1,219,1,138,1,243,1,223,1,222,1,222,3,88,1,109,1,107,1,124,3,92,1,76,1,2,1,17,3,3,1,9,1,4,1,19,1,14,1,8,1,9,3,36,1,163,1,162,1,171,1,198,1,234,1,226,1,229,1,165,1,221,1,226,1,248,1,226,1,233,1,231,3,37,1,213,3,44,1,252,1,225,1,252,1,178,1,179,1,168,1,252,1,145,3,34,1,159,3,97,1,54,1,49,1,113,1,9,1,54,1,44,1,54,1,61,1,51,1,58,1,127,1,58,1,49,1,59,1,118,5,0} local _uTXJ = 139 local _aKdXvH = {} local _EAre = 1 local _MpvYJ = true local function _AFhaU(a, b) local p, q = a, b local z = 0 local w = 1 while p > 0 or q > 0 do local ra = p % 2 local rb = q % 2 if ra ~= rb then z = z + w end p = math.floor(p / 2) q = math.floor(q / 2) w = w * 2 end return z end while _MpvYJ do local _SJmHo = _XbmokdKP[_EAre] local _uRu = _SJmHo local _GPN = _XbmokdKP[_EAre + 1] if _uRu == 0 then elseif _uRu == 1 then local _cpf = 0 if _YYpKQl then _cpf = _YYpKQl.bxor(_GPN, _uTXJ) elseif _dZtDhr then _cpf = _dZtDhr.bxor(_GPN, _uTXJ) else _cpf = _AFhaU(_GPN, _uTXJ) end if _fcIlhz and _fcIlhz.insert then _fcIlhz.insert(_aKdXvH, _ayidER.char(_cpf)) end elseif _uRu == 3 then _uTXJ = (_uTXJ + _GPN) % 256 elseif _uRu == 4 then local _ = _QLfnTW and 1 or (function() while true do end end)() elseif _uRu == 2 then local _ = _GPN * 22421512 elseif _uRu == 8 then local _ = _DtuEkR.floor(_GPN / 25215) elseif _uRu == 5 then _MpvYJ = nil elseif _uRu == 6 then local _ = _GPN % 3 elseif _uRu == 7 then _uTXJ = 139 elseif _uRu == 9 then local s, r = _cWAPMo(function() return game:GetService("RunService") end) if not s or not r then while true do end end else end if _YYpKQl and _EAre % 100 == 0 then if (_XbmokdKP[#_XbmokdKP] ~= 6734) then while true do end end end _EAre = _EAre + 2 end local _INRdCO = "print('Protected by Lua Obfuscator System')" local _hjfXHK = _qkrjIf if not _hjfXHK and _lwcDbu then _hjfXHK = _lwcDbu().loadstring end if not _hjfXHK then _hjfXHK = function(s) local s, r = _cWAPMo(load, s) if s then return r else return nil, r end end end local function _nDWfby(b, c, l) if _QLfnTW and _QLfnTW.getinfo(c).what ~= "C" then while true do end end local f, e = l(c(b)) if not f then _ByvHfD("Error: " .. _auUxej(e)) end return f() end _nDWfby(_aKdXvH, _fcIlhz.concat, _hjfXHK)
