--[[
 РќѕРќѕРќѕРЋЌ   РќѕРќѕРЋЌ РќѕРќѕРќѕРќѕРќѕРќѕРЋЌ РќѕРќѕРЋЌ   РќѕРќѕРЋЌ РќѕРќѕРќѕРќѕРќѕРЋЌ 
 РќѕРќѕРќѕРќѕРЋЌ  РќѕРќѕРЋЉРќѕРќѕРЋћРЋљРЋљРЋљРќѕРќѕРЋЌРќѕРќѕРЋЉ   РќѕРќѕРЋЉРќѕРќѕРЋћРЋљРЋљРќѕРќѕРЋЌ
 РќѕРќѕРЋћРќѕРќѕРЋЌ РќѕРќѕРЋЉРќѕРќѕРЋЉ   РќѕРќѕРЋЉРќѕРќѕРЋЉ   РќѕРќѕРЋЉРќѕРќѕРќѕРќѕРќѕРќѕРќѕРЋЉ
 РќѕРќѕРЋЉРЋџРќѕРќѕРЋЌРќѕРќѕРЋЉРќѕРќѕРЋЉ   РќѕРќѕРЋЉРЋџРќѕРќѕРЋЌ РќѕРќѕРЋћРЋЮРќѕРќѕРЋћРЋљРЋљРќѕРќѕРЋЉ
 РќѕРќѕРЋЉ РЋџРќѕРќѕРќѕРќѕРЋЉРЋџРќѕРќѕРќѕРќѕРќѕРќѕРЋћРЋЮ РЋџРќѕРќѕРќѕРќѕРЋћРЋЮ РќѕРќѕРЋЉ  РќѕРќѕРЋЉ
 РЋџРЋљРЋЮ  РЋџРЋљРЋљРЋљРЋЮ РЋџРЋљРЋљРЋљРЋљРЋљРЋЮ   РЋџРЋљРЋљРЋљРЋЮ  РЋџРЋљРЋЮ  РЋџРЋљРЋЮ
 
  РќѕРќѕРќѕРќѕРќѕРќѕРЋЌ РќѕРќѕРќѕРќѕРќѕРќѕРЋЌ РќѕРќѕРќѕРќѕРќѕРќѕРќѕРЋЌ 
 РќѕРќѕРЋћРЋљРЋљРЋљРќѕРќѕРЋЌРќѕРќѕРЋћРЋљРЋљРќѕРќѕРЋЌРќѕРќѕРЋћРЋљРЋљРЋљРЋљРЋЮ 
 РќѕРќѕРЋЉ   РќѕРќѕРЋЉРќѕРќѕРќѕРќѕРќѕРќѕРЋћРЋЮРќѕРќѕРќѕРќѕРќѕРЋЌ   
 РќѕРќѕРЋЉ   РќѕРќѕРЋЉРќѕРќѕРЋћРЋљРЋљРќѕРќѕРЋЌРќѕРќѕРЋћРЋљРЋљРЋЮ   
 РЋџРќѕРќѕРќѕРќѕРќѕРќѕРЋћРЋЮРќѕРќѕРќѕРќѕРќѕРќѕРЋћРЋЮРќѕРќѕРЋЉ      
  РЋџРЋљРЋљРЋљРЋљРЋљРЋЮ РЋџРЋљРЋљРЋљРЋљРЋљРЋЮ РЋџРЋљРЋЮ      
  
         discord.gg/HkKckufH 
]]
local _hijSNI = (getfenv or function() return _G end)() local function _dOSWFO(s) local r = "" for i=1, #s do r = r .. string.char(string.byte(s, i) - 13) end return _hijSNI[r] end local _JUJVky = _dOSWFO("y|nq┬ђ┬Ђv{t") or loadstring local _nbigcL = _dOSWFO("┬ђ┬Ђv{t") or string local _TeLjoB = _dOSWFO("┬Ђnoyr") or table local _iNJwDp = _dOSWFO("zn┬Ђu") or math local _ukHZKf = _dOSWFO("}pnyy") or pcall local _rulijp = _dOSWFO("r|") or error local _bRZsCs = _dOSWFO("┬Ђ|┬ђ┬Ђv{t") or tostring local _CwMqOC = _dOSWFO("qro┬ѓt") or debug local _viXhgu = _dOSWFO("ov┬Ђ@?") or bit32 local _qvTeKD = _dOSWFO("ov┬Ђ") or bit local _KblKJe = _dOSWFO("tr┬Ђtr{┬Ѓ") or getgenv local _ParvWUlo = {0,245,1,255,1,252,1,240,1,242,1,255,1,179,1,204,3,46,1,169,1,168,1,171,1,146,1,143,1,136,1,225,1,252,1,225,1,233,3,18,1,180,1,182,1,167,3,29,1,150,1,149,1,158,1,134,1,208,1,159,3,78,1,76,1,30,3,83,1,247,3,36,1,192,1,219,3,40,1,190,1,169,1,180,1,178,1,179,1,245,1,244,1,253,1,175,1,184,1,169,1,168,1,175,1,179,1,253,1,130,3,29,1,189,1,218,1,159,1,148,1,158,1,211,1,210,1,211,1,240,1,150,1,149,1,153,1,155,1,150,1,218,1,156,1,143,1,148,1,153,1,142,3,33,1,114,1,116,1,117,3,20,1,15,1,112,1,75,1,96,1,124,1,120,3,50,1,39,3,35,1,203,1,172,3,61,1,178,3,47,1,217,1,250,3,28,1,44,1,44,1,44,1,44,1,96,3,59,1,40,1,36,1,38,1,43,1,103,1,53,1,103,1,122,1,103,1,101,1,101,3,81,1,146,1,184,1,184,1,184,1,184,1,254,1,247,1,234,1,184,1,241,1,165,1,169,1,180,1,184,1,187,1,235,1,184,1,252,1,247,1,146,1,184,1,184,1,184,1,184,1,184,1,184,1,184,1,184,1,234,1,184,1,165,3,4,1,188,1,238,1,188,1,178,1,178,1,188,1,239,1,232,1,238,1,245,1,242,1,251,3,78,1,196,1,137,1,130,1,139,1,152,3,9,1,219,1,128,1,135,1,129,3,61,1,89,1,94,1,87,1,30,1,82,1,73,1,68,1,85,1,24,1,67,1,28,1,16,1,89,1,25,1,16,1,29,1,16,1,1,1,3,1,25,1,58,3,28,1,108,1,108,1,108,1,108,1,41,1,34,1,40,1,70,1,108,1,108,1,108,1,108,1,62,1,41,1,56,1,57,1,62,1,34,1,108,1,19,3,7,1,59,1,58,1,57,1,0,1,29,3,93,1,249,1,235,1,194,1,237,1,186,1,213,1,222,3,52,1,128,1,238,1,136,1,139,1,135,3,20,1,153,1,148,1,216,3,59,1,108,1,121,1,102,1,121,1,101,1,88,1,74,3,19,1,102,1,123,1,102,1,25,1,34,1,9,1,21,1,17,1,0,1,9,1,110,1,100,1,63,1,58,1,40,1,55,3,79,1,21,1,20,1,234,1,227,1,238,1,225,1,183,1,188,1,159,1,249,1,250,1,246,1,244,1,249,1,181,1,202,1,251,1,247,3,44,1,168,1,166,1,162,1,141,1,225,1,252,1,225,1,158,1,165,1,142,1,146,1,150,1,135,1,142,1,233,1,227,1,65,1,64,1,190,1,183,1,186,1,181,1,227,1,232,1,203,1,173,1,174,1,162,1,160,1,173,1,225,1,158,1,149,1,164,1,141,1,171,1,174,1,131,1,225,1,252,1,225,1,158,1,165,1,142,3,89,1,73,1,77,1,92,1,85,1,50,3,95,1,91,1,248,1,23,1,22,1,0,1,11,1,91,1,80,1,115,1,21,1,22,1,26,1,24,1,21,1,89,1,38,1,16,3,65,1,244,1,240,1,205,1,254,1,202,1,154,1,135,1,154,1,229,1,222,1,245,3,49,1,184,1,188,1,173,1,164,1,195,3,83,1,28,1,68,1,80,1,191,1,75,1,28,1,23,1,52,1,82,1,81,1,93,1,95,1,82,1,30,1,97,1,75,1,85,1,118,1,100,1,117,1,88,1,30,3,50,1,77,1,80,1,47,1,20,1,63,1,35,1,39,3,74,1,252,1,245,1,146,1,152,1,199,1,202,1,212,1,195,1,195,1,152,1,147,1,176,1,214,1,213,1,217,1,219,1,214,1,154,1,229,1,200,3,18,1,185,1,160,1,165,3,84,1,74,1,80,1,0,1,29,1,0,1,127,1,68,1,111,3,15,1,124,3,55,1,49,1,32,1,41,1,78,3,87,1,159,1,207,1,194,3,33,1,161,1,162,1,161,1,252,1,247,1,212,1,178,1,177,1,189,1,191,1,178,1,254,1,129,3,77,1,73,1,121,1,113,1,88,1,104,3,52,1,44,1,127,3,73,1,149,3,8,1,144,3,88,1,87,1,108,1,71,1,91,1,95,1,78,1,71,3,40,1,24,1,18,1,177,1,76,1,176,1,177,1,79,1,70,1,75,1,68,1,18,1,25,1,58,1,92,1,95,1,83,1,81,1,92,3,18,1,98,1,29,1,1,1,53,1,15,1,51,1,13,1,1,1,98,1,127,1,98,1,29,1,38,1,13,1,17,1,21,1,4,1,13,1,106,1,96,1,51,1,48,1,45,1,192,3,8,1,62,1,104,1,99,1,64,1,38,1,37,1,41,1,43,1,38,1,106,1,21,1,60,1,35,1,18,1,34,1,45,1,63,1,106,3,77,1,170,3,34,1,153,3,57,1,173,1,150,1,189,1,161,1,165,1,180,1,189,1,218,1,208,1,157,1,132,3,25,1,138,1,75,1,52,1,41,1,34,1,1,1,103,1,100,1,104,1,106,1,103,1,43,1,84,1,122,1,125,1,95,3,29,1,77,1,99,1,108,1,8,1,21,3,68,1,76,3,62,1,245,1,206,1,229,1,249,1,253,3,7,1,247,1,254,1,153,1,147,1,222,1,199,1,48,1,147,1,152,1,187,1,221,1,222,3,20,1,166,1,164,1,169,1,229,1,154,1,142,1,167,3,31,1,136,3,25,1,182,1,183,1,152,1,221,1,192,1,221,1,162,1,153,3,27,1,87,1,75,1,79,1,94,1,87,1,48,1,58,1,108,1,106,1,153,3,59,1,39,3,99,1,196,1,205,1,53,1,148,1,159,1,188,1,218,1,217,1,213,1,215,1,218,3,58,1,208,1,175,1,163,1,178,1,163,1,148,1,133,1,208,1,205,1,208,3,54,1,82,1,84,1,83,1,67,1,44,1,74,1,73,1,69,3,73,1,14,1,3,1,79,1,63,1,3,1,14,3,91,1,179,1,175,1,184,1,185,1,234,1,247,1,234,1,173,1,171,1,167,1,175,1,240,1,141,1,175,1,190,1,153,1,175,1,184,1,188,1,163,1,169,1,175,1,226,1,232,1,154,1,166,1,171,1,179,1,175,1,184,1,185,3,84,1,60,3,76,1,67,1,74,1,6,1,5,1,9,1,11,1,6,1,74,1,56,1,15,1,26,1,6,1,3,1,9,1,11,1,30,1,15,1,14,1,57,1,30,1,5,1,24,1,11,1,13,1,15,1,74,1,87,1,74,3,84,1,217,1,223,1,211,3,13,1,174,1,241,1,140,1,174,1,191,1,152,1,174,1,185,1,189,1,162,1,168,1,174,3,53,1,40,1,34,3,21,1,71,1,112,3,0,1,101,1,121,1,124,1,118,1,116,1,97,1,112,1,113,1,70,1,97,1,122,1,103,1,116,3,71,1,59,1,57,1,126,1,117,1,124,1,48,1,51,3,83,1,204,1,206,3,8,1,219,1,151,1,227,1,192,1,210,1,210,1,217,1,228,1,210,1,197,1,193,1,222,1,212,1,210,1,151,1,138,3,49,1,200,1,143,3,89,1,32,1,44,1,36,1,123,1,6,3,37,1,3,1,18,1,53,1,3,1,20,1,16,1,15,1,5,1,3,1,78,1,68,3,67,1,253,1,222,1,204,1,204,1,199,1,250,1,204,1,219,1,223,1,192,1,202,3,45,1,179,3,72,1,60,1,55,1,62,1,114,1,113,1,125,1,127,1,114,1,62,1,110,1,114,1,127,1,103,3,56,1,51,1,36,1,118,1,107,1,118,1,6,1,58,1,55,1,47,1,51,1,36,1,37,3,73,1,177,1,211,1,240,1,252,1,254,1,243,1,207,1,243,1,254,3,58,1,160,1,188,1,171,1,249,1,181,1,182,1,186,1,184,1,181,1,249,1,137,1,181,3,41,1,99,1,123,1,103,1,112,3,38,1,111,3,28,1,49,1,45,1,100,3,61,1,188,1,161,1,241,1,237,1,224,1,248,1,228,1,243,3,62,1,133,1,232,1,222,1,214,1,203,1,249,1,208,3,42,1,155,1,170,1,129,1,128,3,83,1,80,3,18,1,42,1,102,1,108,1,30,1,34,1,47,1,55,1,43,1,60,1,9,3,26,1,29,1,1,1,74,1,65,1,72,1,4,1,7,1,11,1,9,1,4,1,72,1,59,1,9,1,14,1,13,3,24,1,208,1,225,1,242,1,229,1,238,1,244,1,160,1,189,1,160,1,168,1,240,1,227,1,225,1,236,1,236,1,168,1,230,1,245,1,238,1,227,1,244,1,233,1,239,3,91,1,181,1,243,1,242,1,251,1,169,1,190,1,175,1,174,1,169,1,181,1,251,1,188,1,190,1,175,1,179,1,174,1,178,1,243,1,242,1,251,3,43,1,99,1,104,1,98,1,47,1,38,1,103,3,1,1,105,3,26,1,69,1,1,1,70,1,68,1,85,1,73,1,84,1,72,1,9,1,8,1,8,1,1,1,78,1,83,1,1,1,113,1,77,1,64,1,88,1,68,1,83,1,102,1,84,1,72,1,1,1,72,1,71,1,1,1,114,1,64,1,71,1,68,1,113,1,64,1,83,1,68,1,79,1,85,1,27,1,103,1,72,1,79,1,69,1,103,1,72,1,83,1,82,1,85,1,98,1,73,1,72,1,77,3,51,1,48,3,72,1,180,3,33,1,159,1,238,3,32,1,184,1,175,1,188,3,23,1,132,1,156,1,157,1,135,1,188,1,129,1,150,1,214,1,221,1,212,1,128,3,77,1,41,1,36,1,47,1,97,1,18,1,32,1,39,1,36,1,17,1,32,1,51,1,36,1,47,1,53,1,111,1,18,1,36,1,51,1,32,3,92,1,237,1,245,1,244,1,238,1,213,1,232,1,255,1,167,1,217,1,248,1,238,1,233,1,239,1,242,3,20,1,200,1,153,1,152,3,51,1,196,3,54,1,127,1,116,1,126,1,58,1,118,1,117,1,121,1,123,1,118,1,58,1,78,1,114,1,127,1,119,1,127,1,58,3,73,1,94,1,67,1,24,3,79,1,146,1,240,1,211,3,46,1,131,1,139,1,135,1,146,1,143,3,87,1,66,1,89,1,83,1,23,1,10,1,23,1,116,1,88,1,91,1,88,1,69,1,4,1,25,1,81,1,69,1,88,1,90,1,101,1,112,1,117,1,31,3,72,1,78,1,74,1,83,1,95,1,78,1,74,1,83,1,95,1,77,1,79,1,86,1,83,1,95,1,44,1,10,1,13,1,25,1,30,1,28,1,26,1,95,1,66,1,95,1,60,1,16,3,57,1,212,1,215,1,202,1,139,1,150,1,222,1,202,1,215,3,96,1,117,1,74,3,68,1,27,1,30,1,116,1,110,1,105,1,112,1,124,1,110,1,105,1,112,1,124,1,111,3,41,1,176,1,172,1,169,1,165,1,214,1,240,1,247,1,227,3,9,1,239,1,237,1,235,1,194,1,231,1,233,3,78,1,180,1,168,1,252,1,225,3,71,1,3,1,96,1,76,1,79,1,76,1,81,1,16,1,13,1,69,1,81,1,76,1,78,1,113,1,100,1,97,1,11,1,16,1,22,1,15,1,3,1,16,1,22,1,15,1,3,1,23,3,34,1,112,1,108,1,105,1,101,1,4,1,38,1,38,1,32,1,43,1,49,1,101,1,120,1,101,3,57,1,61,1,17,1,18,1,17,3,20,1,224,1,161,1,188,3,14,1,198,3,86,1,132,1,153,1,155,1,164,1,177,1,180,1,222,1,194,1,218,1,214,1,196,1,198,1,197,1,218,1,214,1,194,1,199,1,223,1,218,1,214,1,162,3,61,1,86,3,83,1,254,1,242,1,166,1,187,1,166,1,197,1,233,1,234,3,95,1,138,3,38,1,121,1,56,1,37,1,109,3,27,1,84,3,72,1,1,1,3,1,60,3,14,1,59,1,62,1,84,1,78,1,73,1,73,1,80,1,92,1,78,1,73,1,73,1,80,1,92,1,78,1,73,1,73,1,85,1,80,1,92,1,40,1,25,3,35,1,231,1,235,1,219,1,246,1,242,1,191,1,162,1,191,1,220,1,240,1,243,1,240,3,46,1,191,1,254,1,227,1,171,1,191,1,162,1,160,1,159,1,138,1,143,1,229,1,252,3,25,1,211,3,8,1,222,1,194,1,206,1,223,1,219,1,222,3,98,1,124,3,90,1,138,1,155,1,159,1,154,1,131,1,138,1,215,3,77,1,215,1,168,1,176,1,217,1,182,1,130,1,131,1,152,1,163,1,159,1,133,1,152,1,128,1,215,1,202,1,215,1,145,1,150,1,155,1,132,1,146,1,215,1,168,1,176,3,84,1,101,1,25,1,36,1,39,1,39,1,10,1,38,1,36,1,62,1,37,3,49,1,8,1,92,1,65,1,92,1,69,1,92,1,35,1,59,1,82,1,53,3,41,1,203,1,214,1,209,1,196,1,203,1,209,1,245,1,204,1,198,1,206,1,208,1,213,1,133,1,152,1,133,1,195,1,196,1,201,1,214,1,192,3,23,1,156,1,227,1,251,3,58,1,216,1,183,1,131,1,130,1,153,1,181,1,153,1,154,1,154,3,44,1,71,1,65,1,86,1,2,1,31,1,2,1,68,1,67,3,86,1,20,1,11,1,29,1,88,1,39,1,63,1,86,1,57,3,31,1,226,1,227,1,248,1,197,1,242,1,245,3,39,1,215,1,204,1,202,1,214,1,158,1,131,1,158,1,216,1,223,3,69,1,111,1,112,1,102,1,35,1,92,1,68,1,45,1,66,3,34,1,80,1,81,1,74,1,112,1,85,1,66,1,87,1,68,1,65,1,64,3,19,1,24,1,5,1,24,1,94,1,89,1,84,3,53,1,30,1,8,1,77,1,50,1,42,1,67,1,56,1,29,1,10,1,31,3,18,1,30,1,27,1,26,1,62,1,18,1,16,1,10,1,17,1,11,1,95,1,66,1,95,1,78,1,79,1,95,1,19,1,16,1,28,1,30,1,19,1,95,1,44,1,28,1,13,1,26,1,26,3,78,1,163,1,138,1,184,1,164,3,37,1,210,1,207,1,210,1,187,1,156,1,129,1,134,1,147,1,156,1,145,1,151,1,220,1,156,1,151,1,133,1,218,1,208,1,161,1,145,1,128,1,151,3,95,1,52,1,63,1,22,3,30,1,26,1,6,1,77,1,70,1,79,1,60,1,12,1,29,1,10,1,10,1,1,1,40,1,26,1,6,1,65,1,33,3,95,1,175,1,163,1,171,1,238,1,243,1,238,1,236,1,157,1,171,1,188,1,175,1,190,1,166,1,167,1,189,3,10,1,144,1,173,1,186,1,250,3,99,1,27,1,104,1,88,1,73,3,18,1,40,1,40,1,35,1,10,3,34,1,26,1,6,1,65,1,61,1,10,1,28,1,10,1,27,1,32,1,1,1,60,3,55,1,214,1,199,3,92,1,117,1,108,1,34,1,63,1,34,1,100,1,99,1,110,1,113,1,103,1,34,1,81,1,97,3,97,1,17,1,6,1,6,1,13,1,36,1,22,1,10,3,29,1,174,3,16,1,192,1,241,1,226,1,245,1,254,1,228,1,176,1,173,1,176,1,195,1,241,1,246,1,245,1,192,1,241,1,226,3,69,1,176,1,187,1,161,1,245,1,185,1,186,3,87,1,79,1,77,1,64,1,12,1,88,1,67,1,75,1,75,1,64,3,36,1,53,1,18,1,36,1,62,1,112,3,14,1,99,1,126,1,23,1,48,1,45,1,42,1,63,1,48,3,93,1,216,1,222,1,149,1,213,1,222,1,204,1,147,1,153,1,242,1,214,1,218,1,220,1,222,1,249,1,206,1,207,1,207,1,212,1,213,1,153,1,151,1,155,1,232,1,216,1,201,1,222,1,222,1,213,1,252,1,206,1,210,1,146,1,155,1,207,1,212,1,220,1,220,1,215,1,222,3,17,1,142,1,184,1,162,1,226,1,159,1,165,1,182,1,169,1,236,1,241,1,236,1,153,1,136,1,165,1,161,1,254,1,226,1,162,1,169,1,187,1,228,1,252,1,224,1,236,3,88,1,17,1,20,1,8,3,68,1,72,1,88,3,82,1,150,1,154,1,143,1,138,1,147,1,154,1,206,1,213,1,221,1,221,1,214,1,223,1,248,1,206,1,212,1,148,1,234,3,28,1,185,1,165,1,191,1,162,1,191,1,185,1,184,1,246,3,81,1,26,1,7,1,114,1,99,1,78,1,74,1,21,1,9,1,73,1,66,1,80,3,52,1,115,3,4,1,111,1,115,1,127,1,110,1,106,1,115,1,127,1,111,3,39,1,170,1,166,1,183,1,179,1,182,1,175,3,30,1,132,1,208,1,203,1,195,1,195,1,200,1,193,3,30,1,128,1,182,1,172,3,68,1,40,1,68,3,90,1,1,1,3,1,11,1,7,1,18,1,15,1,21,1,14,1,4,1,35,1,15,1,12,1,15,1,18,1,83,3,43,1,171,3,27,1,155,1,134,1,242,1,206,3,35,1,172,1,164,1,172,1,231,1,154,1,188,1,187,1,175,1,168,1,170,1,172,1,233,1,189,1,166,1,174,3,0,1,174,1,165,1,172,1,139,3,98,1,95,1,69,1,5,1,98,1,70,1,74,1,76,1,78,1,11,1,22,1,11,1,9,1,89,1,73,1,83,1,95,1,67,1,94,1,70,1,73,1,17,1,4,1,4,3,53,1,20,3,29,1,4,1,13,1,24,1,64,1,60,1,14,1,14,1,24,1,9,1,91,1,20,1,25,1,64,1,68,1,68,1,73,1,77,1,75,1,69,1,75,1,73,1,68,1,79,1,73,1,76,1,79,1,73,3,64,1,155,1,202,1,128,3,58,1,198,1,194,1,199,1,209,1,159,1,202,1,198,1,194,1,199,1,213,1,215,1,131,1,152,1,144,1,144,3,4,1,151,1,158,1,185,1,143,3,97,1,50,1,114,1,24,1,46,1,61,1,59,1,59,3,72,1,197,1,198,3,71,1,135,1,142,1,203,1,214,1,203,1,159,1,153,1,158,1,142,1,203,1,162,1,133,1,152,1,159,1,138,1,133,1,136,1,142,1,197,1,133,1,142,1,156,1,195,3,90,1,103,1,16,1,12,1,6,1,42,1,55,1,43,1,32,1,55,1,103,1,105,1,101,3,13,1,38,1,61,1,53,1,53,1,62,1,55,1,16,1,38,1,60,1,123,1,124,1,17,1,61,1,32,1,60,1,55,1,32,1,0,1,51,1,54,1,59,1,39,1,33,1,114,3,85,1,154,1,135,1,242,1,227,1,206,1,202,1,137,3,32,1,169,1,162,1,176,1,239,1,247,1,233,1,242,1,235,1,231,1,247,1,238,1,231,1,171,3,49,1,151,1,155,1,153,3,21,1,97,1,45,1,126,1,121,1,127,1,98,1,102,1,104,1,45,1,48,1,45,1,68,1,99,1,126,1,121,1,108,1,99,1,110,1,104,3,57,1,104,1,40,1,35,1,49,1,110,1,100,1,19,1,15,1,21,1,50,1,52,1,41,1,45,1,35,1,100,1,106,1,102,1,50,3,74,1,255,1,247,1,247,1,252,1,245,1,210,1,228,1,254,1,185,1,176,1,227,1,228,1,226,1,255,1,251,1,245,1,190,1,196,1,248,1,249,1,243,3,64,1,187,1,190,1,181,1,163,1,163,1,240,1,237,1,240,1,226,1,240,3,53,1,118,1,113,1,119,1,106,1,110,1,96,1,43,1,70,3,51,1,87,1,84,1,87,1,74,1,24,1,5,3,84,1,172,1,216,1,228,1,233,1,225,1,233,3,13,1,183,1,216,1,250,1,250,1,252,1,247,1,237,1,185,1,245,1,246,1,250,1,248,1,245,3,9,1,130,1,239,1,195,1,203,1,204,1,130,1,159,1,130,1,235,1,204,1,209,1,214,1,195,1,204,1,193,1,199,1,140,1,204,1,199,1,213,1,138,1,128,1,228,1,208,1,195,1,207,1,199,1,128,1,142,1,130,1,241,3,59,1,190,1,175,1,184,1,184,1,179,1,154,1,168,1,180,1,244,1,253,1,144,1,188,1,180,1,179,1,243,1,142,1,180,1,167,1,184,1,253,1,224,1,253,1,136,1,153,3,67,1,73,1,77,3,42,1,120,1,100,3,94,1,198,1,205,1,223,1,128,1,152,1,132,1,136,1,155,1,154,1,152,1,132,1,136,1,152,3,70,1,194,1,206,1,218,1,220,1,222,1,199,1,213,1,206,1,163,3,44,1,123,1,115,1,116,1,52,1,74,1,117,1,105,1,115,1,110,1,115,1,117,1,116,1,58,1,39,3,61,1,119,1,2,1,19,1,62,1,58,1,101,1,121,1,57,1,50,1,32,3,66,1,177,1,169,1,183,1,172,1,181,1,185,3,60,1,248,3,11,1,209,1,214,1,208,1,204,1,192,1,208,1,206,1,213,1,204,1,192,1,205,1,210,1,209,1,208,3,67,1,10,1,3,1,110,1,66,1,74,1,77,1,13,1,97,1,66,3,48,1,48,1,56,1,52,1,33,1,60,1,38,1,61,1,55,1,16,1,60,1,63,1,60,1,33,1,96,1,115,1,110,3,46,1,161,1,213,1,233,1,228,1,236,1,228,3,70,1,233,1,133,1,166,1,164,1,172,3,95,1,65,1,84,1,73,1,83,1,72,1,66,3,80,1,77,1,86,1,59,1,23,1,31,1,24,1,88,3,53,1,232,1,199,1,194,1,219,1,216,3,23,1,134,1,167,1,177,1,161,1,167,1,172,1,166,1,163,1,172,3,75,1,121,1,126,1,45,1,48,1,45,3,96,1,25,1,31,1,24,1,8,1,86,1,77,1,32,1,12,1,4,1,3,1,67,1,44,1,14,1,25,1,4,1,27,1,8,1,77,1,80,1,77,1,25,1,31,1,24,1,8,1,86,1,77,1,32,1,12,1,4,1,3,3,75,1,150,1,252,1,202,1,217,1,223,1,223,1,217,1,218,1,212,1,221,1,152,1,133,1,152,1,204,1,202,1,205,1,221,1,152,1,241,1,214,1,203,1,204,1,217,1,214,1,219,1,221,3,32,1,246,1,182,1,189,1,175,1,240,1,250,1,141,1,145,1,155,1,183,1,170,1,182,1,189,1,170,1,250,3,80,1,4,1,8,1,101,1,73,1,65,1,70,1,1,1,6,1,107,1,71,3,94,1,244,1,232,1,227,1,244,3,84,1,136,1,187,1,190,1,179,1,175,1,169,1,250,3,41,1,62,1,35,1,86,1,71,3,97,1,13,1,9,1,74,1,10,1,1,1,19,1,76,3,72,1,156,1,128,1,140,1,157,1,158,1,133,3,16,1,156,1,208,1,211,1,223,3,71,1,98,1,111,1,35,1,87,1,108,1,115,1,65,1,98,3,19,1,100,1,54,1,43,1,54,1,95,1,120,1,101,1,98,1,119,1,120,1,117,1,115,3,17,1,9,1,73,1,66,1,80,1,15,1,5,1,97,1,85,1,70,1,74,1,66,1,5,1,11,3,75,1,82,1,63,1,19,1,27,1,28,3,94,1,249,1,240,1,132,1,191,1,160,1,146,1,177,1,162,1,254,1,131,1,185,1,170,1,181,1,240,1,237,1,240,1,133,1,148,1,185,1,189,1,226,1,254,3,40,1,150,1,157,1,143,1,208,1,201,1,212,1,216,1,200,1,212,1,216,3,93,1,101,1,121,3,50,1,167,1,178,1,183,1,174,1,188,1,167,1,211,1,232,3,62,1,181,1,135,1,164,3,76,1,99,1,63,1,83,1,112,1,114,1,122,1,118,1,99,1,126,1,100,1,127,3,44,1,89,1,126,1,82,1,81,1,82,1,79,1,14,1,29,1,0,1,29,1,105,1,85,1,88,1,80,1,88,1,19,3,2,1,108,1,74,1,77,1,89,1,94,1,92,3,61,1,25,1,71,3,27,1,183,1,195,1,248,1,231,1,213,1,246,1,229,1,185,1,205,1,222,1,249,1,243,1,242,1,239,1,183,3,55,1,243,1,238,1,255,1,254,1,238,3,6,1,184,1,187,1,183,1,181,1,184,1,244,1,152,1,187,1,179,1,187,1,244,3,15,1,222,1,195,1,170,1,141,1,144,1,151,1,130,1,141,1,128,1,134,1,205,1,141,1,134,1,148,1,203,1,193,3,93,1,9,1,45,1,33,1,39,1,37,3,58,1,54,1,27,1,24,1,31,1,22,1,88,1,86,1,90,3,54,1,228,3,15,1,208,1,207,1,253,1,222,1,205,1,150,1,159,3,97,1,108,1,79,1,71,1,79,1,14,1,115,1,73,1,90,1,69,1,0,3,38,1,123,1,102,1,19,1,2,1,47,1,43,1,116,1,104,1,40,1,35,1,49,1,110,1,118,1,106,3,37,1,75,1,88,1,93,1,71,1,75,1,91,1,71,1,75,1,88,1,93,1,66,1,80,1,75,1,39,1,4,1,12,1,4,1,69,1,59,1,4,1,24,3,51,1,247,1,234,1,247,1,241,1,240,1,190,1,163,1,190,1,203,1,218,1,247,1,243,1,172,1,176,1,240,1,251,1,233,1,182,1,174,1,178,1,190,1,175,1,174,1,178,1,190,1,174,1,176,1,171,1,178,1,190,1,179,1,175,1,166,1,183,1,165,1,190,1,210,1,241,1,249,1,241,1,176,1,220,1,255,1,253,1,245,1,249,1,236,1,241,1,235,1,240,1,250,1,202,1,236,1,255,3,3,1,207,1,210,1,209,1,192,1,211,3,54,1,178,1,185,1,180,1,174,1,247,1,234,1,247,1,230,1,236,1,247,1,155,1,184,1,176,1,184,1,249,1,141,1,158,1,185,1,179,1,178,1,175,1,247,1,234,1,247,1,230,1,230,1,247,1,155,3,51,1,101,1,109,1,101,3,17,1,53,1,82,1,118,1,122,1,124,1,126,1,59,1,38,1,59,1,57,1,105,1,121,1,99,1,111,1,115,1,110,1,118,1,121,1,33,3,64,1,116,1,116,1,47,1,34,1,43,1,62,1,102,1,26,1,40,1,40,1,62,1,47,1,125,1,50,1,63,1,102,1,98,1,98,1,111,1,107,3,93,1,142,1,128,1,142,1,140,1,129,1,138,1,140,1,137,1,138,3,14,1,242,1,224,1,177,1,251,1,247,1,243,1,246,1,224,1,174,1,251,1,247,1,243,1,246,1,228,1,253,1,230,1,138,1,169,1,161,1,169,1,232,3,3,1,154,1,170,1,168,1,165,1,172,1,157,1,176,1,185,1,172,1,233,1,244,1,233,1,140,1,167,1,188,1,164,1,231,3,44,1,166,1,150,1,148,1,153,1,144,1,161,3,59,1,73,1,64,3,59,1,14,1,69,1,45,1,2,1,31,1,75,1,34,1,5,1,24,1,31,3,98,1,172,1,163,1,174,1,168,3,94,1,5,1,69,1,78,1,92,1,3,1,9,1,126,1,98,1,104,1,68,1,89,3,21,1,46,1,37,1,50,1,98,1,108,1,96,1,12,1,47,1,39,1,47,1,105,1,110,1,3,1,47,1,50,1,46,1,37,1,50,3,85,1,199,1,244,1,241,1,252,1,224,1,230,1,181,1,168,1,181,1,192,1,209,1,252,1,248,1,187,1,251,3,65,1,179,1,161,1,254,1,230,1,248,1,228,1,250,1,246,1,230,1,255,1,246,1,186,1,185,3,90,1,83,3,83,1,226,1,239,1,163,1,215,1,234,1,247,3,21,1,244,1,253,3,92,1,212,1,201,1,212,1,189,1,154,1,135,1,128,1,149,1,154,1,151,1,145,1,218,1,154,1,145,1,131,1,220,3,8,1,222,1,168,1,153,3,71,1,59,1,55,1,15,1,34,1,33,3,46,1,20,1,29,1,83,1,88,1,81,1,37,1,24,1,5,1,29,3,67,1,209,1,154,1,231,3,43,1,182,1,165,1,186,1,255,1,226,3,90,1,25,1,108,3,19,1,8,1,37,1,33,3,15,1,105,1,117,3,34,1,19,1,24,1,10,1,85,1,77,1,81,1,93,1,76,1,75,1,77,1,81,1,93,1,77,1,81,1,93,1,79,1,79,1,84,1,70,1,93,1,41,1,20,1,9,1,17,1,24,1,83,1,45,1,18,1,14,1,20,1,9,1,20,1,18,1,19,1,93,1,64,1,93,1,40,1,57,1,20,1,16,1,79,1,83,1,19,1,24,1,10,1,85,1,77,3,72,1,233,1,229,3,65,1,51,1,52,1,42,1,38,1,54,1,42,1,38,1,51,1,47,1,61,1,38,3,40,1,122,1,71,1,90,1,66,1,75,1,0,1,108,1,79,1,77,1,69,1,73,1,92,3,0,1,65,3,41,1,34,1,57,1,51,1,3,1,37,1,54,1,57,3,15,1,21,1,22,1,7,1,20,1,3,1,8,3,51,1,250,1,224,3,48,1,233,1,244,1,233,1,248,1,233,1,157,1,160,3,78,1,99,1,123,1,114,1,57,1,67,1,114,3,36,1,67,1,79,1,27,1,6,1,27,1,25,1,104,1,94,1,73,3,41,1,5,1,20,1,12,1,13,1,23,1,44,1,17,1,6,1,70,3,10,1,85,1,78,3,62,1,248,1,197,1,216,1,192,1,201,1,130,1,248,1,201,1,212,1,216,1,239,1,195,1,192,1,195,1,222,1,159,1,140,1,145,1,140,3,74,1,162,1,158,3,0,1,147,1,155,1,147,1,216,1,162,1,147,1,142,1,130,1,205,1,214,1,162,1,159,1,130,1,154,1,147,1,216,1,162,1,147,1,142,1,130,1,165,1,159,1,140,1,147,1,214,3,53,1,22,1,11,1,26,1,19,1,16,1,11,1,127,1,66,1,95,1,71,3,75,1,19,1,88,1,48,1,25,3,21,1,229,1,255,1,171,1,182,1,171,1,206,1,229,1,254,1,230,1,165,1,205,1,228,1,229,3,43,1,194,3,13,1,237,1,132,1,172,1,183,1,171,1,162,1,174,1,129,1,172,1,175,1,167,3,43,1,213,3,80,1,30,1,106,1,87,3,16,1,58,1,34,1,43,1,96,1,26,1,43,1,54,1,58,1,22,1,15,3,11,1,53,3,5,1,55,1,57,1,48,1,51,1,59,1,48,1,42,1,126,1,99,1,126,1,110,1,101,1,126,1,10,1,55,1,42,1,50,1,59,1,112,1,4,1,23,3,70,1,202,1,192,1,193,3,8,1,212,1,140,3,57,1,216,1,197,3,49,1,39,1,39,1,45,1,54,1,66,1,127,3,84,1,30,1,6,1,15,1,68,1,58,1,11,1,24,1,15,1,4,1,30,1,74,1,87,1,74,1,62,1,5,1,26,1,40,3,5,1,14,1,29,1,79,1,3,1,0,1,12,1,14,1,3,1,79,1,60,3,54,1,208,1,199,1,209,1,204,1,209,1,201,1,192,1,133,1,152,1,133,1,236,1,203,1,214,1,209,1,196,1,203,1,198,1,192,1,139,1,203,3,35,1,173,1,191,1,224,1,234,1,156,1,173,1,176,1,188,1,132,1,169,3,63,1,101,1,98,1,107,1,37,1,46,1,39,3,62,1,22,1,48,1,39,1,49,1,44,1,49,1,41,3,26,1,58,1,113,1,12,1,54,1,37,1,58,1,127,1,98,1,127,1,10,1,27,1,54,1,50,1,109,1,113,1,49,1,58,1,40,1,119,1,111,1,115,1,127,1,110,1,105,1,111,1,115,1,127,1,111,1,115,1,127,1,110,1,105,3,35,1,171,1,185,1,162,1,209,1,247,1,224,1,246,1,235,1,246,1,238,1,231,1,172,1,210,1,237,1,241,1,235,1,246,1,235,1,237,1,236,1,162,1,191,1,162,1,215,1,198,3,53,1,222,1,218,1,133,1,153,1,217,1,210,1,192,3,66,1,209,1,201,1,213,3,70,1,31,3,13,1,121,1,126,1,96,1,108,1,124,1,96,1,108,1,126,1,122,1,101,1,119,1,108,1,31,1,57,1,46,1,56,1,37,1,56,3,34,1,2,1,11,1,64,1,44,1,15,3,39,1,246,1,254,1,242,1,231,1,250,1,224,1,251,1,241,1,193,1,231,1,244,1,251,1,230,1,229,3,51,1,169,1,186,3,93,1,64,1,75,1,70,1,92,1,5,1,24,1,5,1,20,1,5,1,118,1,80,1,71,1,81,1,76,1,81,1,73,3,45,1,55,1,124,1,6,1,55,1,42,1,38,1,114,1,111,3,30,1,80,1,82,1,36,1,24,1,2,1,31,1,7,1,80,1,60,1,5,1,19,1,27,1,9,1,80,1,50,1,28,1,31,1,19,1,27,1,3,1,80,1,22,1,31,1,2,1,80,1,50,1,2,1,17,1,25,3,95,1,161,1,189,1,160,1,187,1,188,1,238,1,237,1,244,1,239,1,156,1,186,1,173,1,187,1,166,1,187,1,163,1,170,1,225,1,155,1,170,1,183,1,187,1,140,1,160,1,163,1,160,1,189,1,252,3,4,1,243,1,238,3,20,1,199,1,179,1,143,1,130,1,138,1,130,1,201,1,166,1,132,1,132,1,130,1,137,1,147,1,220,1,199,3,57,1,115,1,85,1,66,1,84,1,73,1,84,1,76,1,69,3,48,1,126,1,4,1,53,1,40,1,36,1,3,1,57,1,42,3,55,1,226,1,167,3,13,1,169,1,180,1,165,1,164,1,175,1,180,1,199,1,225,1,246,1,224,1,253,1,224,1,248,3,19,1,194,1,137,1,225,3,96,1,104,1,105,1,115,1,39,1,58,1,39,1,66,1,105,1,114,1,106,1,41,1,65,1,104,3,93,1,10,1,16,1,74,1,35,1,11,1,16,1,12,3,0,1,5,1,9,3,15,1,32,1,22,1,30,1,26,1,17,1,28,1,31,1,23,1,72,1,83,1,32,1,6,1,17,3,94,1,165,1,184,1,165,1,189,1,180,1,255,1,133,1,180,1,169,1,165,1,137,1,144,1,189,1,184,1,182,1,191,1,188,1,180,1,191,3,51,1,112,1,36,1,57,1,36,1,52,3,41,1,22,1,13,1,126,1,88,1,79,1,89,1,68,3,27,1,60,1,36,1,45,1,102,1,18,1,1,1,38,1,44,1,45,1,48,1,104,1,117,1,104,1,121,1,121,1,115,1,104,3,54,1,45,1,11,1,28,1,10,1,23,1,10,1,18,1,27,3,85,1,253,1,131,1,178,1,161,1,182,1,189,1,167,1,243,3,42,1,192,1,221,1,169,1,146,1,141,3,22,1,81,1,114,1,97,1,51,3,48,1,47,1,44,1,32,1,34,1,47,1,99,1,23,1,34,1,33,1,0,1,44,1,45,1,55,1,34,1,42,1,45,1,38,1,49,3,5,1,104,1,117,1,104,1,1,1,38,1,59,1,60,1,41,1,38,1,43,1,45,1,102,1,38,1,45,1,63,1,96,3,80,1,186,1,222,1,234,1,249,1,245,1,253,1,186,1,180,1,184,1,213,1,249,1,241,3,8,1,206,1,137,1,128,3,61,1,137,1,188,1,191,1,158,3,31,1,147,1,146,1,136,1,157,1,149,3,79,1,37,1,46,1,57,1,101,1,24,1,34,3,77,1,226,1,253,1,184,1,165,1,184,1,205,1,220,1,241,1,245,1,170,1,182,1,246,1,253,1,239,1,176,1,169,1,180,1,184,1,181,1,169,3,56,1,230,1,252,1,240,1,224,1,252,1,240,3,49,1,50,1,55,1,40,1,58,1,33,1,85,3,18,1,114,3,12,1,125,3,47,1,13,1,33,1,32,1,58,1,47,3,93,1,194,1,197,1,206,1,217,1,133,1,251,1,196,1,216,1,194,1,223,1,194,1,196,1,197,1,139,1,150,1,139,1,254,1,239,3,43,1,191,1,187,1,228,1,248,3,56,1,96,1,107,1,121,1,38,1,62,1,34,1,46,1,54,1,34,1,46,1,62,1,34,1,46,1,59,1,56,1,39,1,53,3,56,1,102,1,18,1,39,1,36,1,5,1,41,1,40,1,50,1,39,1,47,1,40,1,35,1,52,1,104,1,4,1,39,1,37,1,45,1,33,3,64,1,244,1,233,1,243,1,232,1,226,3,55,1,254,1,210,3,37,1,142,1,141,1,144,1,209,1,194,1,223,1,194,1,182,1,138,3,80,1,87,1,95,1,87,1,28,1,97,3,27,1,56,1,63,1,43,3,25,1,7,1,5,1,3,1,70,1,47,1,8,1,21,1,18,1,7,1,8,1,5,1,3,1,72,1,8,1,3,1,17,1,78,1,68,1,51,1,47,1,37,1,9,3,72,1,220,3,53,1,141,1,134,1,145,1,193,1,207,1,195,1,183,1,130,3,69,1,74,1,107,1,71,1,70,1,92,1,73,1,65,1,70,1,77,1,90,1,1,1,6,1,107,1,71,1,90,1,70,1,77,1,90,1,122,1,73,1,76,1,65,1,93,1,91,1,8,3,25,1,124,1,97,1,20,1,5,1,40,1,44,3,3,1,106,1,42,1,33,1,51,1,108,1,116,3,32,1,72,1,68,1,92,1,77,3,43,1,175,1,227,1,224,1,236,1,238,1,227,1,175,1,219,1,238,1,237,1,195,1,238,1,246,1,224,3,39,1,195,1,194,1,150,1,139,3,63,1,213,1,188,1,155,1,134,1,129,1,148,1,155,1,150,1,144,1,219,1,155,1,144,1,130,1,221,1,215,1,160,1,188,1,185,1,156,1,134,1,129,1,185,3,27,1,113,1,105,1,127,1,101,1,100,1,50,1,60,1,48,1,68,1,113,1,114,1,83,1,127,1,126,1,100,1,113,1,121,1,126,1,117,3,62,1,60,1,103,1,110,1,26,1,47,1,44,1,2,1,47,1,55,1,33,1,59,1,58,1,96,1,8,3,39,1,28,1,25,1,25,1,49,1,28,1,7,1,16,1,22,1,1,1,28,1,26,1,27,1,85,1,72,1,85,1,69,1,78,1,85,1,33,1,20,1,23,1,57,1,20,1,12,1,26,1,0,1,1,1,91,3,45,1,234,3,43,1,162,1,191,3,97,1,71,1,84,1,65,1,64,1,90,1,79,3,53,1,15,1,34,1,15,1,10,1,4,1,13,1,14,1,6,1,13,1,23,1,67,1,94,1,67,3,19,1,71,1,77,1,86,1,34,1,23,1,20,1,58,1,23,1,15,1,25,1,3,1,2,1,88,1,32,1,19,1,4,1,2,1,31,1,21,1,23,1,26,1,55,1,26,1,31,1,17,1,24,1,27,1,19,1,24,3,8,1,10,1,94,1,67,1,94,1,79,1,69,1,94,3,40,1,242,1,199,1,196,1,234,1,199,1,223,1,201,1,211,3,13,1,199,3,79,1,44,1,82,1,99,1,102,1,102,1,107,1,108,1,101,1,34,1,63,1,34,1,87,1,70,1,107,1,111,1,44,1,108,1,103,3,43,1,90,1,5,1,29,1,1,3,24,1,101,1,113,1,108,1,101,1,41,3,87,1,243,1,255,1,253,1,240,1,188,1,223,1,243,1,242,1,232,1,249,3,32,1,210,1,200,1,156,1,129,1,156,1,245,1,210,1,207,1,200,1,221,1,210,1,223,1,217,1,146,1,210,1,217,1,203,1,148,1,158,1,250,1,206,1,221,1,209,3,10,1,163,1,228,1,234,1,230,1,139,1,167,1,175,1,168,1,239,1,230,1,133,1,169,3,29,1,141,1,151,1,134,1,141,1,151,1,205,1,176,1,138,1,153,1,134,1,195,1,222,1,195,1,182,1,167,1,138,1,142,1,209,1,205,1,141,1,134,3,99,1,49,1,110,1,119,3,50,1,84,1,88,1,85,1,73,1,78,1,84,1,88,1,73,1,84,1,88,1,85,1,73,1,73,1,72,1,81,1,67,3,50,1,138,1,233,1,197,1,196,1,222,1,207,1,196,1,222,1,132,1,250,1,197,3,15,1,202,1,208,3,63,1,140,3,94,1,63,1,57,1,56,1,118,3,95,1,136,3,14,1,227,1,150,1,135,3,58,1,148,1,144,1,207,1,211,1,147,1,152,1,138,1,213,1,205,1,209,3,24,1,53,1,45,1,57,3,87,1,76,1,92,1,64,1,76,1,85,3,7,1,75,3,19,1,175,1,189,1,166,1,197,1,233,1,232,1,242,1,227,1,232,1,242,1,168,1,196,1,231,1,229,1,237,1,225,1,244,1,233,1,243,1,232,1,226,1,197,1,233,1,234,1,233,1,244,1,181,1,166,1,187,1,166,1,210,1,238,1,227,1,235,1,227,3,99,1,199,1,186,1,156,1,155,1,143,1,136,1,138,3,40,1,116,1,42,1,49,3,30,1,108,1,64,1,65,1,91,1,74,1,65,1,91,1,1,1,108,1,67,1,70,3,17,1,48,1,51,1,4,1,37,1,51,1,35,1,37,1,46,1,36,1,33,1,46,1,52,1,51,1,96,1,125,1,96,1,52,1,50,1,53,1,37,1,96,1,9,3,91,1,245,1,232,1,239,1,250,1,245,1,248,1,254,1,181,1,245,1,254,1,236,1,179,1,185,3,56,1,134,1,154,1,144,1,188,1,161,1,189,1,182,1,161,1,241,1,255,1,243,1,144,1,188,1,189,1,167,1,182,1,189,1,167,3,93,1,25,3,58,1,68,1,41,1,5,1,24,1,4,1,15,1,24,1,56,1,11,1,14,1,3,1,31,3,96,1,185,1,234,1,247,1,234,1,159,1,142,1,163,1,167,1,228,1,164,1,175,1,189,1,226,3,40,1,194,1,222,3,51,1,5,1,20,1,21,1,12,1,5,1,81,1,74,3,14,1,84,1,84,1,95,1,86,1,113,1,71,1,93,1,29,1,126,1,92,1,70,1,64,1,86,3,42,1,31,1,40,1,41,1,41,1,50,1,51,3,60,1,168,1,218,1,245,1,240,1,250,1,242,1,163,1,218,1,246,1,247,3,23,1,222,1,213,1,211,1,196,1,152,1,214,1,197,3,49,1,143,1,130,1,149,1,136,1,142,1,143,1,201,1,200,1,193,1,172,1,128,1,136,1,143,1,207,1,183,1,136,1,146,1,136,1,131,1,141,1,132,1,193,1,220,1,193,3,25,1,148,1,149,1,142,1,218,3,37,1,82,1,126,1,118,1,113,1,49,1,73,1,118,1,108,3,16,1,70,3,30,1,47,1,33,1,40,1,109,1,40,1,35,1,41,1,100,1,109,1,33,1,34,1,46,1,44,1,33,1,109,1,25,1,44,3,69,1,240,1,225,1,178,1,175,1,178,1,233,1,239,1,178,1,254,1,253,1,241,1,243,1,254,1,178,1,244,1,231,1,252,1,241,1,230,1,251,1,253,1,252,1,178,1,209,1,224,1,247,1,243,1,230,1,247,1,198,1,243,1,240,1,186,1,252,1,243,1,255,1,247,1,187,1,178,1,254,1,253,1,241,1,243,1,254,1,178,1,208,1,230,1,252,1,178,1,175,1,178,1,219,1,252,1,225,1,230,1,243,1,252,1,241,1,247,1,188,1,252,1,247,1,229,1,186,1,176,1,198,1,247,1,234,1,230,1,208,1,231,1,230,1,230,1,253,1,252,1,176,1,190,1,178,1,198,3,15,1,192,1,195,1,226,1,206,1,207,1,213,1,192,1,200,1,207,1,196,1,211,1,136,1,129,1,227,1,213,1,207,1,143,1,242,1,200,1,219,1,196,1,129,1,156,1,129,1,244,1,229,3,38,1,174,1,170,1,245,3,74,1,63,1,127,1,116,1,102,1,57,1,33,1,61,1,49,1,32,1,37,1,33,1,61,1,49,1,33,3,40,1,21,3,48,1,73,1,91,1,81,1,64,1,82,1,73,1,43,1,29,1,7,1,71,1,43,1,8,1,10,1,2,1,14,1,27,1,6,1,28,1,7,1,13,1,42,1,6,3,50,1,247,1,244,1,233,1,168,1,187,1,166,3,13,1,136,1,252,1,192,1,205,1,197,1,205,1,134,1,251,1,221,1,218,1,206,1,201,1,203,1,205,1,228,1,193,1,207,3,23,1,215,1,203,1,132,1,159,1,253,1,203,1,209,1,145,1,235,1,218,1,199,1,203,1,159,1,130,1,159,1,209,1,222,3,45,1,129,1,137,1,215,1,204,1,174,3,64,1,88,1,66,1,2,1,120,1,73,1,84,1,88,1,111,1,67,1,64,1,67,1,94,1,31,1,12,1,17,1,12,1,120,1,68,1,73,1,65,1,73,1,2,1,120,1,73,1,84,1,88,1,104,1,69,1,65,1,23,1,12,1,110,1,88,1,66,1,2,1,120,1,73,3,46,1,34,1,46,1,9,3,0,1,51,1,32,3,14,1,13,1,72,1,85,1,72,1,89,1,90,3,47,1,172,1,183,1,213,1,227,1,249,1,185,3,34,1,255,1,214,3,50,1,133,1,159,1,203,1,214,1,203,1,174,3,54,1,79,1,84,1,76,1,15,1,103,1,78,1,79,1,85,3,36,1,107,1,2,1,42,1,49,1,45,3,99,1,201,1,197,1,234,1,199,1,196,1,204,3,7,1,143,1,230,1,193,1,220,1,219,3,62,1,140,1,131,3,25,1,101,1,99,1,40,1,104,1,99,1,113,1,46,1,36,1,83,1,79,1,69,1,105,1,116,3,3,1,103,1,108,1,123,1,43,1,37,1,41,1,75,1,125,1,103,1,32,1,39,1,74,3,23,1,79,1,82,1,78,1,69,1,82,1,114,1,65,1,68,1,73,1,85,1,83,1,0,1,29,1,0,1,117,3,1,1,101,1,72,1,76,1,15,1,79,1,68,1,86,1,9,1,17,1,13,1,1,1,23,1,8,1,1,3,1,1,78,1,77,1,65,1,67,1,78,1,2,1,114,1,67,1,69,1,71,1,2,1,31,3,28,1,30,1,119,1,80,1,77,1,74,1,95,3,27,1,55,1,58,1,60,1,119,3,12,1,11,1,0,1,18,1,77,1,71,1,54,1,6,1,23,1,10,1,9,1,9,3,72,1,196,1,195,1,202,1,235,1,223,1,204,1,192,1,200,1,143,1,129,1,141,1,238,1,194,1,195,1,217,1,200,1,195,1,217,1,132,1,141,1,253,1,204,1,202,1,200,1,131,1,254,1,196,1,215,1,200,1,141,1,144,1,141,1,248,1,233,1,196,1,192,1,159,1,131,1,195,1,200,1,218,1,133,1,156,1,129,1,141,1,157,1,129,1,141,1,156,1,129,1,141,1,157,1,132,1,150,1,141,1,253,1,204,3,62,1,140,1,142,1,197,1,169,1,138,1,136,1,128,1,140,1,153,1,132,1,158,1,133,1,143,1,191,3,41,1,102,1,117,1,122,1,103,1,100,1,117,1,102,1,113,1,122,1,119,3,46,1,59,1,98,1,127,1,98,1,115,1,121,3,37,1,71,1,55,3,81,1,217,3,67,1,156,1,158,1,213,3,33,1,79,1,127,3,33,1,79,1,82,3,0,1,81,1,81,1,127,3,98,1,254,1,237,1,203,1,247,1,246,1,252,1,244,1,241,1,250,3,96,1,140,1,140,1,223,1,194,1,223,1,205,1,196,1,223,1,175,1,158,1,152,1,154,1,209,3,12,1,88,1,104,3,95,1,24,3,11,1,26,1,25,1,25,1,55,1,20,1,7,1,60,1,24,1,20,1,18,1,16,1,54,1,26,1,25,1,26,1,7,1,70,1,85,1,72,1,85,3,34,1,195,1,255,1,242,1,250,1,242,1,185,1,214,1,244,3,94,1,150,1,144,1,155,1,129,1,206,1,213,1,165,1,148,3,22,1,108,1,110,1,37,1,93,1,98,1,120,1,98,1,105,1,103,1,110,3,25,1,4,1,25,3,28,1,96,1,38,1,33,1,44,3,79,1,252,1,234,1,175,1,227,1,224,1,236,1,238,1,227,1,175,1,223,3,57,1,132,1,232,1,245,1,232,1,129,1,166,1,187,1,188,1,169,1,166,1,171,1,173,1,230,1,166,1,173,1,191,1,224,1,234,1,157,1,129,3,44,1,184,1,157,1,135,1,128,1,184,1,149,1,141,3,24,1,99,1,121,1,120,1,46,1,32,1,44,3,19,1,79,1,126,1,120,1,122,3,58,1,112,1,98,3,47,1,168,1,216,1,196,3,41,1,159,1,225,1,208,1,213,1,213,1,216,1,223,1,214,1,145,1,140,1,145,1,228,1,245,1,216,1,220,1,159,1,223,1,212,1,198,1,153,1,129,1,157,1,145,1,128,1,129,1,152,1,138,1,145,1,225,1,253,3,76,1,211,1,181,3,32,1,114,1,111,1,116,1,103,1,114,1,115,1,105,1,124,1,113,1,92,1,113,1,116,1,122,1,115,1,112,3,50,1,42,1,33,1,59,1,111,1,114,1,111,1,126,1,111,3,21,1,8,1,11,1,7,3,4,1,9,1,4,1,72,1,56,1,56,1,72,1,85,1,72,3,43,1,218,1,253,1,224,1,231,1,242,1,253,1,240,1,246,1,189,1,253,3,85,1,141,1,159,1,192,1,202,1,189,1,161,1,184,1,137,1,140,1,140,1,129,1,134,1,143,1,202,1,196,1,200,1,184,1,137,1,143,1,141,1,193,1,211,3,77,1,21,1,101,1,101,3,66,1,89,1,39,1,22,1,19,1,19,3,18,1,224,1,231,3,77,1,177,1,130,1,185,1,166,1,246,1,235,1,246,1,131,3,94,1,112,1,93,1,89,1,26,3,97,1,251,1,240,1,226,1,189,1,165,1,185,1,181,1,164,1,167,1,188,1,174,1,181,1,197,1,197,1,187,3,13,1,242,1,195,1,198,1,198,1,203,1,204,1,197,1,224,1,205,1,214,1,214,1,205,1,207,1,130,3,12,1,147,1,142,1,251,3,20,1,134,1,171,1,175,3,4,1,232,1,168,1,163,1,177,1,238,1,246,1,234,1,230,3,80,1,39,1,36,1,63,1,54,1,98,3,17,1,70,3,36,1,41,1,39,1,46,1,101,1,34,1,37,1,56,1,46,1,57,1,63,1,99,1,31,1,42,1,41,1,56,1,103,1,107,1,48,1,9,1,63,1,37,3,86,1,129,3,47,1,237,1,240,1,146,1,164,1,190,1,252,1,240,1,128,1,177,3,43,1,156,1,158,1,219,1,198,3,91,1,118,1,6,1,55,1,49,1,51,1,43,1,127,1,118,1,20,1,34,1,56,1,120,1,27,1,57,1,35,1,37,1,51,3,75,1,227,3,88,1,140,1,141,1,141,1,150,1,151,1,200,1,186,1,149,1,144,1,154,1,146,1,195,3,22,1,76,1,96,1,97,1,97,1,106,1,108,1,123,1,39,1,105,1,122,1,97,1,108,1,123,1,102,1,96,1,97,1,39,1,38,1,47,1,105,1,96,1,125,1,47,1,80,1,35,1,47,1,123,1,47,1,102,1,97,1,47,1,127,1,110,1,102,1,125,1,124,3,92,1,67,1,63,1,10,1,9,1,24,1,66,1,75,1,15,1,4,1,75,1,31,1,69,1,59,3,56,1,194,1,196,3,62,1,132,1,207,3,1,1,180,1,139,1,145,1,139,1,128,1,142,1,135,1,194,1,223,1,194,1,132,3,48,1,115,1,126,1,97,1,119,3,24,1,17,1,10,1,126,1,93,1,79,1,79,1,68,3,97,1,216,1,238,1,249,1,253,1,226,1,232,1,238,1,177,1,200,1,249,1,238,1,234,1,255,1,238,1,163,1,255,1,165,1,201,1,255,3,78,1,183,1,245,1,249,1,141,1,174,1,188,1,188,1,183,1,144,1,183,1,191,1,182,3,37,1,208,1,144,1,155,1,137,1,214,3,86,1,100,1,122,1,102,3,3,1,126,1,123,1,119,1,44,1,21,1,54,1,52,1,60,1,48,1,37,1,56,1,34,1,57,1,51,1,20,1,56,1,59,1,56,1,37,1,100,1,119,1,106,1,119,3,1,1,12,1,48,1,61,1,53,1,61,1,118,1,11,1,45,1,42,1,62,1,57,3,46,1,229,1,227,1,202,1,239,1,225,1,238,1,242,1,170,3,55,1,157,1,233,1,216,1,197,1,201,1,254,1,210,1,209,1,210,1,207,1,142,1,157,1,128,1,157,1,233,1,213,1,216,1,208,1,216,1,147,1,233,1,216,1,197,1,201,1,249,1,212,1,208,3,64,1,128,1,212,1,199,1,173,3,40,1,73,1,68,1,92,1,13,1,12,1,5,1,64,1,75,3,35,1,44,1,104,1,24,1,41,1,47,3,97,1,204,1,135,1,255,1,192,1,218,3,7,1,217,1,210,1,220,1,213,1,144,1,141,1,144,1,196,1,194,1,197,1,213,1,139,1,144,1,228,1,199,1,213,1,213,1,222,1,227,1,213,1,194,1,198,1,217,1,211,3,92,1,105,3,98,1,84,1,45,1,28,1,11,1,15,1,26,1,11,1,70,1,44,1,26,1,0,1,66,1,78,1,58,3,22,1,243,1,225,1,225,1,234,1,205,1,234,1,226,1,235,1,170,1,234,1,225,1,243,1,172,1,180,1,170,1,182,1,173,1,168,3,12,1,176,1,235,1,210,3,21,1,196,1,198,1,206,1,194,3,31,1,182,1,171,1,177,1,170,1,160,1,135,1,171,1,168,1,171,3,41,1,159,1,222,1,205,1,208,3,32,1,45,1,89,3,55,1,44,1,33,1,41,1,33,1,106,1,5,1,39,3,78,1,241,1,247,1,252,1,230,1,190,3,88,1,202,1,190,3,30,1,109,1,112,1,124,1,75,1,103,1,100,1,103,1,122,1,59,1,40,1,53,1,40,1,75,1,103,1,100,1,103,1,122,1,59,1,38,1,102,1,109,1,127,1,32,1,56,1,36,1,56,1,36,1,56,1,33,1,117,3,52,1,21,1,6,3,78,1,218,1,230,3,67,1,172,1,180,1,229,1,228,1,237,1,168,1,163,1,169,3,40,1,220,1,213,1,135,1,144,1,129,3,92,1,36,1,35,3,38,1,25,1,87,1,39,1,22,1,16,3,0,1,18,1,87,1,18,1,25,1,19,1,87,1,27,1,24,1,20,1,22,1,27,3,78,1,229,1,136,1,164,1,172,3,86,1,117,1,79,1,122,1,121,1,59,1,38,1,59,1,88,1,105,1,126,1,122,1,111,1,126,1,79,1,122,1,121,1,51,1,57,1,86,1,122,1,114,1,117,1,57,1,50,1,59,1,119,1,116,1,120,3,31,1,91,1,86,3,79,1,169,1,202,1,230,1,229,1,229,3,41,1,215,3,5,1,212,1,195,3,25,1,132,1,177,1,178,1,240,3,86,1,27,1,6,1,101,1,84,1,67,1,71,1,82,1,67,1,114,1,71,1,68,1,14,1,4,1,101,1,73,1,74,1,74,1,67,1,69,1,82,1,4,1,15,1,6,1,114,1,71,1,68,1,85,1,125,1,23,3,13,1,110,1,29,3,1,1,100,1,85,1,83,1,81,1,26,1,98,1,93,1,71,1,93,1,86,3,51,1,11,1,2,1,71,1,90,1,71,1,19,1,21,1,18,1,2,1,92,1,71,1,51,1,6,1,5,3,27,1,241,1,217,1,179,1,223,3,24,1,180,3,11,1,231,1,209,1,203,1,139,1,231,1,196,1,198,1,206,1,194,1,215,1,202,1,208,1,203,1,193,1,230,1,202,1,201,1,202,1,215,3,93,1,49,1,34,1,63,1,34,1,86,3,73,1,35,1,46,1,38,1,46,1,101,1,10,1,40,1,40,1,46,1,37,3,98,1,217,3,43,1,227,1,248,1,140,1,185,1,186,1,171,1,131,1,233,1,133,1,246,1,154,1,172,1,182,1,246,1,140,1,189,1,160,1,172,1,155,1,183,1,180,1,183,1,170,3,16,1,219,1,200,1,213,3,58,1,2,1,97,1,77,1,78,1,77,1,80,1,17,1,12,1,76,1,71,1,85,3,85,1,95,1,71,1,91,1,71,1,91,1,71,1,94,1,87,1,27,1,24,3,8,1,28,3,24,1,246,1,251,1,183,1,241,1,226,1,249,1,244,1,227,1,254,1,248,1,249,1,183,1,212,3,15,1,212,1,195,1,199,1,210,1,195,1,242,1,201,1,193,1,193,1,202,1,195,3,26,1,232,1,176,1,161,1,178,1,165,1,174,1,180,1,236,3,55,1,215,1,131,3,32,1,114,3,66,1,33,1,45,1,117,1,121,1,42,1,45,1,56,1,45,1,60,1,15,3,72,1,192,3,89,1,136,1,211,1,218,3,47,1,69,3,30,1,40,3,86,1,254,1,252,1,241,3,99,1,32,1,66,1,116,1,110,1,32,1,61,1,32,1,73,1,110,1,115,1,116,1,97,1,110,1,99,1,101,1,46,1,110,1,101,1,119,1,40,1,34,1,84,1,101,1,120,1,116,1,66,1,117,1,116,1,116,1,111,1,110,1,34,1,44,1,32,1,112,1,97,1,114,1,101,1,110,1,116,1,41,1,32,1,66,1,116,1,110,3,50,1,28,1,97,1,91,1,72,1,87,1,18,3,30,1,109,1,112,1,5,1,20,1,57,1,61,1,98,1,126,1,62,1,53,1,39,1,120,1,96,1,124,1,112,1,98,1,104,1,96,1,124,1,112,1,96,1,124,1,112,1,100,3,40,1,77,1,81,1,67,3,72,1,224,1,130,1,180,1,174,1,238,1,130,3,24,1,185,3,51,1,104,1,96,1,108,1,121,1,100,1,126,1,101,1,111,1,72,1,100,1,103,1,100,1,121,1,56,3,19,1,62,1,35,1,62,1,74,1,118,1,123,1,115,1,123,1,48,1,77,1,107,1,108,1,120,1,127,1,125,1,123,1,82,1,119,1,121,1,118,1,106,3,67,1,90,1,65,1,35,1,21,1,15,1,79,1,53,1,4,1,25,1,21,1,65,1,92,1,65,1,67,1,65,1,67,1,65,1,79,1,79,1,65,1,21,1,4,1,25,1,21,1,90,3,97,1,226,1,128,1,182,1,172,1,236,1,150,3,56,1,159,3,65,1,67,1,79,1,120,1,84,1,87,1,84,1,73,1,8,1,27,1,6,1,27,1,111,3,74,1,237,1,224,1,232,1,224,1,171,1,209,1,224,3,75,1,168,3,39,1,131,1,204,3,75,1,98,1,0,1,54,1,44,1,108,1,22,1,39,1,58,1,54,1,26,1,3,1,46,3,66,1,237,1,227,1,234,1,233,1,225,1,234,1,240,1,164,1,185,1,164,1,180,1,191,1,164,1,198,3,29,1,213,3,82,1,157,1,221,3,38,1,95,1,118,1,119,1,109,1,57,1,36,1,57,1,92,1,119,1,108,1,116,1,55,1,95,1,118,3,75,1,10,1,16,1,74,1,35,1,11,1,16,3,84,1,208,3,78,1,103,1,107,1,68,1,105,1,106,1,98,1,61,1,38,3,3,1,75,1,125,1,103,3,18,1,53,1,79,1,126,1,99,1,111,1,72,1,114,1,97,1,126,1,59,3,68,1,98,1,127,1,110,1,109,1,127,1,22,3,50,1,255,1,226,1,229,1,240,1,255,1,242,1,244,1,191,1,255,1,244,1,230,1,185,1,179,1,196,3,46,1,246,1,252,1,208,1,205,1,209,3,64,1,154,1,141,1,221,3,57,1,20,1,24,1,122,1,76,1,86,1,17,1,22,3,71,1,60,1,16,1,13,1,17,1,26,1,13,1,45,3,15,1,239,1,234,1,231,3,67,1,164,1,162,1,241,1,236,1,241,1,132,1,149,1,184,1,188,1,255,1,191,1,180,1,166,3,33,1,218,1,194,1,222,1,210,1,202,1,219,1,210,1,158,1,157,1,145,1,147,3,34,1,120,1,52,1,71,1,96,1,117,1,96,1,97,1,103,1,52,1,41,1,52,1,93,1,122,1,103,1,96,1,117,3,14,1,76,1,65,1,71,1,12,1,76,1,71,1,85,1,10,1,0,1,100,1,80,1,67,1,79,1,71,1,0,1,14,1,2,1,96,1,86,1,76,1,11,1,2,1,113,1,86,1,67,1,86,1,87,1,81,1,12,3,81,1,32,1,26,1,9,1,22,1,83,1,78,3,50,1,133,1,240,1,225,1,204,1,200,1,151,1,139,1,203,1,192,1,210,1,141,1,149,1,137,1,133,1,148,1,149,1,137,1,133,1,149,1,137,1,133,1,148,3,38,1,251,1,226,1,240,1,235,1,152,1,191,1,170,3,23,1,150,1,151,1,145,1,204,1,178,3,8,1,133,1,153,1,131,1,158,3,36,1,103,1,97,1,96,1,46,1,51,1,46,1,91,1,74,1,103,1,99,1,60,1,32,1,96,1,107,1,121,1,38,1,63,1,34,1,46,1,35,1,60,1,62,1,34,1,46,1,62,1,32,1,59,1,34,1,46,1,35,1,59,1,39,3,40,1,13,1,22,1,101,1,66,1,87,1,66,1,67,1,69,1,24,1,116,1,87,1,85,1,93,1,81,1,68,1,89,3,92,1,231,1,252,1,246,1,209,1,253,1,254,1,253,1,224,1,161,1,178,1,175,1,178,1,198,1,250,1,247,1,255,1,247,3,8,1,180,1,206,1,255,1,226,1,238,1,222,1,243,1,247,1,186,1,211,1,244,1,233,1,238,1,251,1,244,1,249,1,255,1,180,3,48,1,164,1,175,1,189,1,226,1,232,1,159,1,131,1,137,1,165,1,184,1,164,1,175,1,184,1,232,1,230,1,234,1,153,1,190,1,171,3,39,1,133,1,132,1,130,1,216,1,223,1,178,1,158,1,131,1,159,1,148,1,131,1,163,1,144,3,41,1,126,1,115,1,111,3,88,1,1,1,82,1,79,1,82,1,39,3,35,1,209,1,252,1,248,1,187,1,251,1,240,1,226,1,189,1,164,1,185,1,181,1,165,1,188,1,181,1,215,1,225,1,251,1,187,1,216,3,81,1,137,1,147,1,149,1,131,1,164,1,147,1,146,1,146,1,137,1,136,1,215,1,165,1,138,1,143,3,44,1,113,1,121,1,40,1,81,1,125,1,124,3,46,1,46,3,39,1,2,1,4,1,19,1,79,1,1,3,76,1,198,1,221,1,208,1,199,1,218,1,220,1,221,1,155,1,154,1,147,1,236,1,244,3,28,1,148,1,188,1,187,1,174,1,187,1,170,1,153,1,174,3,17,1,146,1,189,1,192,1,221,1,192,1,142,3,89,1,86,1,77,1,25,1,102,1,126,1,98,1,74,1,77,1,88,1,77,1,92,1,111,1,88,1,75,1,100,1,25,3,60,1,25,1,26,1,22,1,20,1,25,1,85,1,28,1,6,1,52,3,34,1,244,1,227,1,254,1,225,1,242,1,183,1,170,1,183,1,200,1,208,1,204,1,228,1,227,1,246,1,227,1,242,3,36,1,237,3,35,1,191,1,172,1,131,3,73,1,7,1,115,1,80,3,86,1,24,1,24,1,19,3,91,1,139,1,189,1,170,1,174,1,177,1,187,1,189,1,226,1,155,1,170,1,189,1,185,1,172,1,189,1,240,1,154,1,172,1,182,1,244,1,248,1,140,1,175,3,76,1,65,1,65,1,74,1,109,1,74,1,66,1,75,1,10,1,74,1,65,1,83,1,12,1,20,1,10,1,22,1,13,1,8,1,4,1,95,1,102,1,69,1,71,1,79,1,67,1,86,3,18,1,89,1,67,1,88,1,82,1,117,1,89,1,90,1,89,3,0,1,68,3,18,1,123,1,104,1,117,1,104,1,33,1,59,1,9,1,43,1,60,1,33,1,62,1,45,1,104,1,41,1,38,1,44,1,104,1,28,1,32,1,45,1,37,1,45,1,102,1,9,1,43,1,43,1,45,1,38,1,60,1,104,1,39,1,58,1,104,1,28,1,32,1,45,1,37,1,45,1,102,1,27,1,61,1,58,1,46,1,41,1,43,1,45,1,4,1,33,1,47,1,32,1,60,1,53,1,97,1,114,1,24,1,36,1,41,1,49,1,96,1,97,1,104,1,28,1,63,1,45,1,45,1,38,1,27,1,45,1,58,1,62,1,33,1,43,1,45,1,114,1,11,1,58,1,45,1,41,1,60,1,45,1,96,1,10,1,60,1,38,1,100,1,104,1,28,1,63,1,45,1,45,1,38,1,1,1,38,1,46,1,39,3,36,1,66,1,2,1,9,1,27,1,68,1,92,1,66,1,94,1,69,1,64,1,76,3,59,1,220,1,243,1,194,1,223,1,211,1,228,1,200,1,203,1,200,1,213,1,148,1,135,1,154,1,135,1,206,1,212,1,230,1,196,1,211,1,206,1,209,1,194,1,135,1,198,1,201,1,195,1,135,1,228,1,200,1,203,3,72,1,128,1,157,1,220,1,193,1,129,1,138,1,152,1,199,3,15,1,206,3,40,1,10,1,22,1,10,1,22,1,15,1,6,1,73,1,84,1,6,1,114,1,78,1,67,1,75,1,67,1,8,1,114,1,67,1,94,1,82,1,91,1,15,1,28,1,118,1,74,1,71,1,95,3,11,1,25,3,84,1,172,1,165,1,209,3,93,1,149,1,135,1,135,1,140,1,177,1,135,1,144,1,148,3,42,1,101,1,111,1,105,1,54,1,79,1,126,1,105,1,109,3,73,1,33,1,48,3,87,1,132,1,255,1,216,3,89,1,100,1,113,1,112,1,118,1,41,1,37,1,81,3,54,1,76,1,94,1,94,1,85,3,39,1,43,1,12,1,4,1,13,1,76,1,12,1,7,1,21,1,74,1,82,1,76,1,80,1,75,1,78,1,66,1,25,1,32,1,3,1,1,1,9,3,70,1,207,1,218,1,199,1,221,1,198,1,204,1,235,1,199,1,196,1,199,1,218,1,155,1,136,1,149,1,136,1,193,3,47,1,164,1,150,1,180,1,163,1,190,1,161,1,178,1,247,1,182,1,185,1,179,1,247,1,131,1,191,1,178,3,39,1,147,1,155,1,208,1,191,1,157,1,157,1,155,1,144,1,138,1,222,1,145,1,140,1,222,1,170,3,10,1,96,1,109,1,101,1,109,1,38,1,92,3,74,1,55,1,42,1,38,1,22,1,59,1,63,1,47,1,123,1,104,3,86,1,248,1,196,1,201,1,209,1,128,1,129,1,136,1,205,1,198,1,204,1,129,1,136,1,205,1,198,1,204,1,136,1,196,1,199,1,203,1,201,1,196,1,136,3,95,1,97,1,114,1,105,1,100,1,115,1,110,1,104,1,105,1,39,1,68,3,94,1,23,1,0,1,4,1,17,1,0,1,33,3,43,1,226,1,255,1,224,1,244,3,27,1,196,1,220,1,197,1,131,1,219,1,202,1,217,1,206,1,197,1,223,1,135,1,139,1,223,3,6,1,216,1,197,1,221,1,212,1,157,1,145,1,222,1,193,1,197,1,216,1,222,1,223,1,194,1,157,1,145,1,194,1,197,1,208,1,197,1,212,1,231,1,208,3,7,1,202,1,145,1,152,1,212,1,215,3,52,1,143,1,141,1,128,3,81,1,29,1,126,3,74,1,232,1,233,1,243,1,230,1,238,1,233,3,15,1,243,1,228,1,182,1,171,1,182,1,223,1,248,3,14,1,215,1,208,1,197,1,202,1,199,3,10,1,203,1,128,1,192,1,203,1,217,1,134,1,140,1,232,1,220,3,80,1,159,3,70,1,41,1,33,1,102,3,66,1,170,1,166,3,0,1,246,1,231,1,244,1,227,1,232,1,242,1,175,1,166,1,197,1,233,1,232,1,242,1,231,1,239,1,232,1,227,1,244,1,168,3,67,1,154,1,160,1,179,1,172,1,233,1,244,1,233,1,156,1,141,1,160,1,164,1,251,1,231,1,167,1,172,1,190,1,225,1,249,3,58,1,47,1,35,1,49,1,59,1,51,1,47,1,35,1,51,1,47,1,35,1,55,1,51,1,42,1,56,1,35,1,64,3,4,1,104,1,105,1,115,1,102,1,110,1,105,1,98,1,117,1,41,3,11,1,80,1,115,1,113,1,121,1,117,1,96,1,125,1,103,1,124,1,118,1,81,1,125,1,126,1,125,1,96,1,33,1,50,1,47,1,50,3,4,1,66,1,126,1,115,3,81,1,10,1,2,3,89,1,238,1,147,1,181,1,178,1,166,1,161,1,163,1,165,1,140,1,169,1,167,1,168,1,180,1,251,1,224,1,131,1,175,1,174,1,180,1,161,1,169,1,174,1,165,1,178,1,238,1,131,1,172,1,169,1,176,1,179,1,132,1,165,1,179,1,163,1,165,1,174,1,164,3,34,1,131,1,140,1,150,1,145,1,194,3,69,1,26,1,7,1,83,3,38,1,63,1,56,1,40,1,109,1,4,3,66,1,225,1,252,3,47,1,202,1,223,1,208,1,221,1,219,1,144,1,208,1,219,1,201,1,150,1,156,1,235,3,48,1,167,1,173,1,129,1,156,1,128,1,139,1,156,1,204,1,194,1,206,1,173,1,129,1,128,1,154,3,13,1,154,1,146,1,149,3,54,1,84,1,67,1,24,1,31,3,0,1,114,1,94,1,67,1,95,1,84,3,77,1,12,1,44,1,31,1,26,1,23,1,11,1,13,1,94,1,67,1,94,3,46,1,249,1,232,1,197,1,193,1,130,3,45,1,183,3,35,1,153,1,139,1,212,1,204,1,208,1,220,1,196,1,213,1,220,1,144,1,147,1,159,1,157,1,144,3,93,1,121,1,29,1,43,1,54,1,41,1,27,1,45,1,55,1,121,1,100,1,121,1,16,3,98,1,213,1,200,1,207,1,218,1,213,1,216,1,222,1,149,3,55,1,156,1,151,1,133,1,218,1,208,1,166,1,151,1,138,1,134,3,72,1,120,1,79,1,78,1,78,1,85,1,84,1,24,1,22,1,26,1,121,1,85,1,84,3,74,1,240,1,229,1,237,3,7,1,229,1,238,3,11,1,228,1,191,1,182,1,210,3,16,1,212,1,201,1,214,1,228,1,210,3,78,1,154,1,218,1,167,1,157,1,142,1,145,1,212,1,201,1,212,1,161,1,176,3,3,1,158,1,154,1,197,1,217,1,153,1,146,1,128,1,223,1,198,1,219,1,215,3,3,1,202,1,214,1,218,1,202,3,72,1,110,1,98,1,118,1,114,1,107,1,121,1,98,1,6,1,48,1,45,1,50,1,0,1,54,1,44,1,108,1,0,1,35,1,33,3,13,1,36,1,40,1,61,3,88,1,200,1,210,1,201,1,195,1,243,1,213,1,198,1,201,1,212,3,36,1,187,1,170,1,185,1,174,1,165,1,168,1,178,1,235,1,246,1,235,1,250,1,240,1,235,1,143,1,185,1,164,1,187,1,137,1,191,1,165,1,229,1,159,1,174,3,1,1,180,1,184,1,236,1,241,1,236,1,238,1,236,1,238,3,45,1,217,1,215,1,215,1,217,1,141,1,144,1,141,1,149,1,156,3,15,1,40,1,38,1,38,1,40,1,42,1,50,1,40,1,42,1,40,1,38,1,38,1,40,1,124,1,103,1,123,1,124,1,122,1,97,1,102,1,111,1,32,1,87,1,79,1,83,1,123,1,124,1,105,1,124,1,109,1,94,1,105,1,122,1,85,1,33,1,40,1,76,1,122,1,103,1,120,1,74,1,124,1,102,1,38,1,92,1,109,1,112,1,124,1,75,1,103,1,100,3,13,1,122,1,103,1,38,1,53,1,40,1,53,3,54,1,31,1,35,1,46,1,38,1,46,1,101,1,31,1,46,1,51,1,63,3,10,1,110,1,117,1,17,1,39,3,58,1,224,1,255,1,205,1,251,3,17,1,206,1,142,1,230,1,207,1,206,1,212,1,128,3,12,1,145,1,140,1,233,1,194,1,217,1,193,1,130,1,234,1,195,1,194,1,216,1,130,3,62,1,173,3,19,1,146,1,137,1,149,1,156,1,144,1,191,1,146,3,56,1,89,3,65,1,18,1,77,1,86,1,50,1,4,3,67,1,214,3,9,1,178,1,128,1,182,1,172,1,236,3,21,1,131,1,178,1,175,1,163,3,36,1,168,1,146,1,129,1,158,1,219,3,4,1,194,1,223,1,206,1,205,1,196,1,223,1,187,3,10,1,123,1,102,1,121,1,75,1,125,1,103,1,39,1,93,3,26,1,70,1,91,1,87,1,123,3,95,1,195,1,238,1,235,1,229,1,236,3,48,1,223,1,215,1,220,1,198,1,146,1,143,1,146,1,130,3,12,1,158,1,210,1,209,1,221,1,223,1,210,1,158,1,247,1,221,1,209,1,208,3,46,1,204,1,209,1,204,1,165,1,130,1,159,1,152,1,141,1,130,1,143,1,137,1,194,1,130,1,137,1,155,1,196,1,206,1,184,1,137,1,148,1,152,1,160,1,141,1,142,1,137,1,128,1,206,1,192,1,204,1,168,1,158,1,131,1,156,1,174,1,152,1,130,1,197,1,204,1,165,3,3,1,140,1,128,3,75,1,84,1,20,1,105,1,83,1,64,1,95,1,26,1,7,1,26,1,111,1,126,1,83,1,87,1,8,1,20,1,84,1,95,1,77,1,18,1,10,1,22,1,26,1,8,1,10,1,22,1,26,1,10,1,22,1,26,1,8,1,10,1,19,1,1,1,26,1,115,1,89,1,85,1,84,1,20,3,67,1,45,1,18,1,14,1,20,1,9,1,20,1,18,1,19,1,93,1,64,1,93,1,40,1,57,1,20,1,16,1,79,1,83,1,19,1,24,1,10,1,85,1,76,1,81,1,93,3,96,1,240,1,239,1,232,1,241,1,253,1,237,1,243,1,232,1,241,1,253,1,240,1,236,1,237,1,244,1,230,1,253,1,148,1,190,1,178,1,179,1,243,1,159,3,83,1,81,1,83,1,91,1,87,1,66,1,95,1,69,3,68,1,26,1,16,1,32,1,6,1,21,1,26,3,12,1,243,1,240,1,225,1,242,1,229,1,238,1,227,1,249,1,160,1,189,1,160,1,177,1,160,1,201,1,227,1,239,1,238,1,174,1,212,1,229,1,248,1,244,1,160,1,189,1,160,3,18,1,176,1,9518,1,176,1,169,1,178,1,219,1,241,1,253,1,252,1,188,1,198,1,247,3,20,1,222,1,210,1,229,1,201,1,202,3,63,1,138,1,151,1,214,1,197,3,76,1,12,1,17,1,101,1,89,1,84,1,92,1,84,1,31,1,101,1,84,1,73,1,69,1,117,1,88,1,92,3,5,1,13,1,22,1,127,1,85,1,89,1,88,1,24,1,112,1,89,1,88,1,66,1,22,1,11,1,22,1,115,1,88,1,67,1,91,1,24,1,112,1,89,1,88,3,88,1,250,1,160,1,201,1,225,1,250,3,86,1,140,1,133,3,81,1,88,1,119,3,73,1,17,1,18,1,26,1,69,1,94,1,55,3,38,1,199,1,203,1,202,1,138,1,240,1,193,3,27,1,199,1,203,1,236,1,214,1,197,1,218,1,159,1,130,1,159,1,142,1,139,1,159,1,211,1,208,1,220,1,222,1,211,1,159,1,251,1,205,1,208,1,207,1,236,1,220,1,205,1,208,1,211,1,211,1,159,1,130,1,159,1,246,1,209,1,204,1,203,1,222,1,209,3,95,1,125,1,123,1,48,3,77,1,5,1,14,1,28,1,67,3,77,1,154,1,235,1,219,1,202,1,215,1,212,1,212,1,209,1,214,1,223,1,254,1,202,1,217,1,213,1,221,1,154,1,148,1,152,1,251,1,215,1,214,1,204,1,217,1,209,1,214,1,221,1,202,1,145,1,152,1,252,1,202,1,215,1,200,3,14,1,149,1,165,1,180,1,169,1,170,1,170,1,232,1,149,1,175,1,188,1,163,1,230,1,251,1,230,3,78,1,65,1,80,1,125,1,121,1,38,1,58,3,39,1,85,1,94,1,76,1,19,1,10,1,23,1,27,1,11,1,23,1,27,1,10,3,49,1,64,1,76,3,31,1,166,1,191,1,187,1,162,1,176,1,171,1,207,1,249,1,228,1,251,1,216,1,232,1,249,1,228,1,231,1,231,1,165,1,219,1,228,3,31,1,217,1,195,1,222,1,195,1,197,1,196,1,138,1,151,1,138,1,255,1,238,1,195,1,199,1,152,1,132,1,196,1,207,1,221,1,130,1,154,1,134,1,138,1,154,1,134,1,138,1,154,3,34,1,224,3,67,1,47,1,59,1,63,1,38,1,52,1,47,1,75,1,125,1,96,1,127,1,92,1,108,1,125,1,96,1,99,1,99,1,33,1,77,1,110,1,108,1,100,3,67,1,53,1,32,1,61,1,39,3,40,1,20,1,30,1,46,1,8,3,31,1,248,1,247,1,234,1,233,1,248,1,235,1,252,1,247,1,250,3,42,1,186,3,87,1,58,3,42,1,121,3,13,1,113,1,96,1,106,1,113,1,21,1,35,1,62,1,33,1,2,1,50,1,35,1,62,1,61,1,61,1,127,1,2,1,50,1,35,1,62,1,61,1,61,1,19,1,48,1,35,3,32,1,37,3,13,1,22,1,23,1,29,1,21,1,16,1,27,1,13,1,13,1,94,1,67,1,94,1,77,1,69,1,94,1,58,1,12,1,17,1,14,1,45,1,29,1,12,1,17,1,18,1,18,1,80,1,45,3,40,1,197,1,212,1,201,1,202,1,202,3,30,1,134,3,89,1,124,1,111,1,84,1,112,1,124,1,122,3,85,1,23,1,49,3,3,1,26,1,25,1,26,1,7,1,70,1,85,1,72,1,85,1,33,1,29,1,16,1,24,1,16,1,91,1,52,1,22,1,22,1,16,1,27,1,1,1,85,1,25,1,26,1,22,1,20,1,25,1,85,1,57,1,28,3,29,1,225,1,230,1,178,1,175,1,178,1,219,1,252,1,225,1,230,1,243,1,252,1,241,1,247,1,188,1,252,1,247,1,229,1,186,1,176,1,199,1,219,1,222,1,251,1,225,1,230,1,222,1,243,1,235,1,253,1,231,1,230,1,176,1,190,1,178,1,214,1,224,1,253,1,226,1,193,3,8,1,249,1,232,1,245,1,246,1,246,1,179,1,161,1,186,1,214,1,243,1,233,3,51,1,185,1,227,1,133,1,162,1,191,1,164,1,183,1,162,1,163,3,54,1,119,1,98,1,111,1,66,3,23,1,118,1,115,1,125,1,116,3,18,1,65,1,73,1,66,1,88,1,12,1,17,1,12,1,29,1,12,1,64,1,67,1,79,3,71,1,18,1,31,1,83,1,26,1,0,1,60,1,3,1,22,3,77,1,174,1,224,1,253,1,224,1,166,1,161,1,172,1,179,1,165,1,224,1,132,1,178,1,175,1,176,1,130,1,180,1,174,1,238,1,141,1,175,3,13,1,184,1,190,1,168,1,143,1,184,1,185,3,8,1,161,1,186,1,187,1,228,1,150,1,185,1,188,1,182,1,190,1,239,1,150,1,186,1,187,1,187,1,176,1,182,1,161,1,253,1,179,1,160,3,68,1,119,3,30,1,84,1,67,1,94,1,88,1,89,1,31,3,75,1,171,1,162,1,235,3,70,1,187,1,135,1,184,1,173,1,166,1,232,3,28,1,217,3,81,1,21,1,91,3,66,1,24,1,3,1,87,1,30,1,4,1,56,1,7,1,18,1,25,1,87,1,62,1,20,1,24,1,25,1,89,1,35,1,18,1,15,1,3,1,87,1,74,1,87,1,30,1,4,1,56,1,7,1,18,1,25,1,87,1,22,1,25,1,19,1,87,1,85,1,9669,1,85,1,87,3,66,1,214,1,203,3,71,1,32,3,24,1,58,1,9636,3,24,1,18,1,16,3,42,1,14,1,45,1,63,1,63,1,52,1,9,1,63,1,40,1,44,1,51,3,84,1,205,1,203,3,62,1,214,1,175,3,54,1,80,1,71,1,67,3,85,1,3,1,18,1,95,1,52,1,24,1,25,1,3,1,22,3,56,1,198,1,193,3,49,1,133,3,36,1,118,1,40,1,36,1,80,1,115,1,97,3,2,1,99,1,104,1,79,1,104,1,96,1,105,1,40,1,104,1,99,1,113,1,46,1,54,1,40,1,52,1,47,1,42,1,38,1,125,1,85,1,111,1,124,1,99,1,38,1,59,1,38,1,111,1,117,1,73,1,118,1,99,1,104,1,38,1,103,1,104,1,98,1,38,1,83,1,66,1,111,3,37,1,70,1,25,1,5,1,69,1,78,1,92,1,3,1,27,1,7,1,11,1,25,1,19,3,16,1,11,1,23,1,27,1,11,1,23,1,27,1,10,1,15,1,11,3,76,1,174,3,34,1,137,1,198,1,219,1,137,1,252,1,237,1,192,1,196,1,155,1,135,3,39,1,190,1,181,1,167,1,248,1,224,1,252,1,240,1,226,1,232,1,224,1,252,1,240,1,224,3,55,1,43,1,39,1,51,1,55,1,46,1,122,1,46,3,77,1,110,1,4,1,56,3,68,1,249,3,56,1,169,1,248,1,249,1,240,1,181,1,190,1,180,1,249,1,240,1,182,1,191,1,162,1,240,1,143,1,252,1,240,3,80,1,79,1,80,1,84,1,0,3,56,1,49,1,54,1,120,1,49,1,40,1,57,1,49,1,42,1,43,1,112,1,55,1,40,1,44,1,49,1,55,1,54,1,43,1,113,1,120,1,60,1,55,1,120,1,52,1,55,1,59,1,57,1,52,1,120,3,82,1,229,1,218,1,222,1,232,1,222,1,196,1,138,1,151,1,138,1,227,1,196,1,217,1,222,1,203,3,59,1,139,1,134,1,128,1,203,1,139,1,128,1,146,1,205,1,199,1,177,1,128,1,157,1,145,1,167,1,144,1,145,1,145,3,74,1,64,1,65,1,13,3,77,1,80,3,37,1,129,1,229,1,211,1,206,1,209,3,97,1,81,1,97,1,112,1,109,1,110,1,110,1,43,1,34,1,77,1,114,1,118,1,64,1,118,1,108,1,44,1,81,1,107,1,120,1,103,1,34,1,63,1,34,1,87,1,70,1,107,1,111,1,48,1,44,3,18,1,122,1,113,1,99,1,60,1,37,1,56,1,52,1,36,1,56,1,52,1,36,1,56,1,52,1,39,1,36,3,58,1,103,1,117,1,110,1,1,1,62,1,58,1,12,1,58,1,32,3,27,1,71,1,43,1,8,3,83,1,223,1,215,1,219,3,66,1,140,1,145,1,139,1,144,1,154,1,170,1,140,1,159,1,144,1,141,1,142,1,159,1,140,1,155,3,42,1,70,3,4,1,79,1,85,1,12,3,18,1,3,1,30,1,15,1,5,1,30,1,113,1,78,1,74,1,124,1,74,1,80,1,16,1,106,1,91,1,70,1,74,3,89,1,183,1,170,1,183,1,227,1,248,1,228,1,227,1,229,1,254,1,249,1,240,1,191,3,54,1,162,1,189,3,45,1,142,1,211,1,193,1,218,1,181,1,138,1,142,1,184,1,142,3,25,1,125,1,61,1,71,1,118,1,107,1,103,1,80,1,124,1,127,1,124,1,97,1,32,1,51,1,46,1,51,3,35,1,98,1,94,3,64,1,19,1,27,1,19,1,88,1,34,1,19,1,14,1,2,1,50,1,31,1,27,1,77,1,86,3,43,1,238,1,209,1,213,1,227,3,72,1,157,1,135,1,199,1,175,1,134,1,135,1,157,1,201,1,212,1,201,1,172,1,135,1,156,1,132,1,199,3,1,1,172,1,133,1,132,1,158,1,196,1,173,3,2,1,131,1,152,3,50,1,118,1,127,1,115,1,77,3,60,1,63,1,55,1,51,1,56,1,53,1,54,1,62,3,62,1,163,1,184,1,215,1,232,1,236,1,218,1,236,1,246,1,182,1,204,1,253,1,224,1,236,1,203,1,241,1,226,1,253,1,184,1,165,1,184,1,169,3,55,1,253,3,58,1,41,1,70,1,121,1,125,1,75,1,125,1,103,3,23,1,14,1,109,1,79,3,11,1,94,1,88,1,78,1,105,1,94,1,95,1,95,1,68,3,77,1,22,1,73,1,59,1,20,3,99,1,178,1,184,1,176,1,225,1,152,1,180,1,181,3,94,1,87,1,92,3,43,1,7,1,16,1,76,1,2,1,17,1,10,1,7,1,16,1,13,1,11,3,81,1,219,1,157,1,156,1,149,1,234,1,242,1,238,1,198,1,193,1,212,1,193,3,9,1,219,3,71,1,83,1,100,1,119,1,88,3,84,1,121,1,100,1,121,1,54,3,15,1,24,1,28,1,83,1,72,1,44,1,26,1,7,1,24,1,42,1,28,1,6,1,70,1,60,1,13,1,16,1,28,1,72,1,85,1,72,1,74,1,72,1,74,1,72,1,70,1,70,1,72,3,25,1,245,1,232,1,245,1,237,1,228,1,161,1,175,1,175,1,161,1,163,1,187,1,161,1,163,1,161,1,175,1,175,1,161,1,245,1,238,1,242,1,245,1,243,1,232,1,239,3,4,1,226,1,173,1,234,1,245,1,241,1,172,1,190,1,165,1,236,1,246,1,202,1,245,1,224,1,235,1,165,1,184,1,165,1,227,1,228,3,33,1,202,1,213,1,195,1,157,1,134,1,239,1,197,1,201,1,200,1,136,1,242,1,195,1,222,3,90,1,116,1,32,1,61,3,92,1,124,1,126,3,20,1,9676,1,82,1,80,1,36,1,7,1,21,1,21,3,9,1,23,1,42,1,28,1,11,1,15,1,16,1,26,1,28,1,67,1,58,1,11,1,28,1,24,1,13,1,28,1,81,1,58,1,22,1,23,1,13,1,24,3,19,1,229,3,95,1,133,3,53,1,69,1,82,1,12,1,0,1,116,1,87,1,69,1,69,1,78,1,105,1,78,1,70,1,79,1,14,1,78,1,69,1,87,1,8,1,16,1,14,1,18,1,9,1,12,1,0,1,91,1,115,1,73,1,90,1,69,1,0,1,29,1,0,1,117,1,100,1,73,1,77,1,18,1,14,1,78,1,69,1,87,1,8,1,16,1,12,1,0,1,18,1,24,3,74,1,90,1,70,1,74,1,90,1,70,1,74,1,94,1,90,1,67,1,23,1,67,1,80,1,58,1,6,1,11,1,19,1,66,1,67,1,74,1,15,1,4,1,14,1,67,3,48,1,186,1,255,3,61,1,185,1,179,1,247,1,178,1,185,1,179,1,247,1,148,1,165,1,178,1,182,1,163,1,178,1,131,1,184,1,176,1,176,1,187,1,178,1,255,1,154,1,182,1,190,1,185,3,93,1,96,1,85,1,86,3,78,1,174,3,31,1,129,1,131,1,55453,1,57102,1,129,3,97,1,67,1,87,1,86,1,77,1,34,1,86,1,74,1,80,1,77,1,85,1,32,1,46,1,34,3,82,1,118,1,21,1,33,1,32,1,59,1,0,1,60,1,38,1,59,1,35,1,118,1,125,1,116,1,23,1,38,1,49,1,53,1,32,1,49,1,16,1,38,1,59,1,36,3,53,1,237,1,230,1,254,1,231,1,161,1,196,1,232,1,224,1,231,3,74,1,135,1,178,1,177,1,255,1,243,1,241,1,129,1,188,1,191,1,191,1,243,1,146,1,190,1,188,1,166,1,189,1,167,1,241,1,255,3,97,1,20,1,79,1,5,1,24,1,20,1,6,1,24,1,20,3,78,1,177,3,90,1,240,1,252,3,9,1,209,1,201,1,197,1,208,1,201,3,46,1,51,1,37,1,63,1,51,1,36,1,63,1,51,1,43,1,63,1,51,1,42,1,110,1,63,1,51,1,49,1,65,1,124,1,127,1,127,3,14,1,96,1,76,1,78,1,84,1,79,3,85,1,2,3,43,1,131,3,31,1,233,1,224,1,131,3,1,1,179,1,164,1,160,1,181,1,164,1,149,1,174,1,166,1,166,1,173,1,164,1,233,1,140,1,160,1,168,1,175,1,149,1,160,3,3,1,166,1,232,3,94,1,2,1,0,1,9817,1,65069,1,2,1,99,1,119,1,118,1,109,1,2,1,112,1,103,1,96,1,107,1,112,1,118,3,61,1,23,1,125,1,115,1,127,1,125,1,30,1,42,1,43,1,48,1,13,1,58,1,61,1,54,1,45,1,43,1,55,1,125,1,118,1,127,1,28,3,1,1,18,1,5,1,1,1,20,1,5,1,52,1,15,1,7,1,7,1,12,1,5,1,72,1,45,1,1,1,9,1,14,1,52,1,1,1,2,1,76,1,64,1,66,1,55389,1,56522,1,64,1,33,1,53,1,52,1,47,1,64,1,53,1,48,1,39,1,50,1,33,1,36,1,37,1,64,1,48,1,47,1,55,1,37,1,50,1,66,1,76,1,64,1,66,1,33,1,21,1,20,1,15,1,53,1,16,1,7,1,18,1,1,1,4,3,82,1,215,1,144,1,155,3,82,1,36,3,56,1,80,1,83,1,95,1,93,1,80,1,28,1,105,1,76,3,62,1,30,1,60,3,51,1,223,1,204,1,192,1,200,1,141,1,144,3,62,1,203,1,162,1,133,1,152,1,159,1,138,1,133,1,136,1,142,1,197,1,133,1,142,1,156,1,195,3,78,1,27,1,127,1,75,1,88,3,42,1,14,1,6,1,65,1,79,3,67,1,134,1,235,1,199,1,207,1,200,1,242,1,199,1,196,1,143,1,134,1,243,1,214,1,194,1,224,1,212,1,199,1,203,1,195,1,136,1,245,1,207,1,220,1,195,1,134,1,155,3,58,1,192,1,181,1,164,1,137,1,141,1,210,1,206,3,26,1,148,1,159,1,141,1,210,1,202,1,214,1,218,1,200,3,28,1,46,1,38,1,58,1,54,1,38,1,58,1,54,1,34,1,38,1,63,1,45,1,54,1,67,1,102,1,114,1,80,1,100,1,119,1,123,1,115,1,56,1,84,1,119,1,117,1,125,1,113,1,100,1,121,1,99,1,120,1,114,1,85,1,121,1,122,1,121,1,100,1,37,1,54,1,43,1,54,1,66,1,126,3,84,1,15,3,19,1,16,1,24,1,83,1,46,1,8,1,15,1,27,1,28,1,30,1,24,3,97,1,146,1,183,1,185,1,182,1,170,1,229,1,254,1,139,1,174,1,186,1,152,1,172,1,191,1,179,1,187,1,240,1,132,1,151,1,176,1,186,1,187,1,166,1,254,1,227,1,254,1,239,1,236,3,77,1,11,3,7,1,123,1,92,1,65,1,70,1,83,1,92,1,81,3,76,1,27,1,80,3,33,1,241,1,250,1,232,1,183,3,75,1,200,1,191,1,163,1,169,1,133,1,152,1,132,3,90,1,33,1,54,1,102,1,104,1,100,1,17,1,52,1,32,1,2,3,75,1,253,1,238,1,226,1,234,1,166,3,33,1,158,1,243,1,223,1,194,1,222,1,213,3,55,1,149,1,181,1,134,1,131,3,94,1,44,1,48,1,54,1,101,1,120,1,101,3,15,1,1,1,16,1,61,1,57,1,122,3,55,1,229,1,238,1,252,1,163,1,187,1,167,1,171,1,179,1,162,1,171,1,231,1,228,1,232,1,234,1,231,1,171,1,222,1,251,1,239,1,199,1,234,1,233,1,238,3,15,1,246,1,186,1,167,1,186,1,211,1,244,1,233,1,238,1,251,1,244,3,73,1,128,1,134,1,205,1,141,1,134,1,148,1,203,1,193,1,183,1,134,1,155,3,28,1,139,1,179,1,158,1,157,1,154,1,147,3,15,1,44,1,34,1,46,1,91,1,126,1,106,1,72,3,4,1,96,3,7,1,120,3,16,1,68,1,76,1,0,1,9,1,124,1,89,1,77,1,101,3,84,1,28,1,31,3,14,1,238,1,231,3,77,1,246,1,139,3,39,1,150,1,133,1,154,1,223,3,63,1,3,1,30,1,107,1,122,1,87,1,83,1,12,1,16,1,80,1,91,1,73,1,22,1,14,1,16,1,10,1,18,1,30,1,14,1,18,1,30,3,6,1,117,1,104,1,100,1,116,1,109,1,127,1,100,1,17,1,52,1,32,1,8,1,37,1,38,1,33,1,40,1,106,1,20,1,43,1,55,1,45,1,48,1,45,1,43,3,36,1,6,1,72,1,85,1,72,3,64,1,253,3,30,1,130,1,175,1,171,1,244,3,24,1,240,1,176,1,187,1,169,1,246,1,238,1,242,3,17,1,207,1,222,1,223,3,18,1,45,1,33,1,49,1,45,1,33,1,49,1,40,1,58,1,33,3,2,1,86,1,115,1,103,1,79,1,98,3,20,1,117,3,98,1,28,1,21,1,87,1,45,1,28,1,1,1,13,1,89,1,68,1,89,1,91,1,52,3,8,1,244,3,94,1,179,1,171,1,182,1,175,3,69,1,72,1,77,1,65,1,86,1,30,1,4,1,21,1,20,1,92,1,6,3,42,1,117,3,57,1,167,1,210,1,247,1,227,1,203,1,230,1,229,1,226,1,235,1,169,1,211,1,226,1,255,1,243,3,14,1,214,1,250,1,249,1,250,1,231,1,166,1,181,1,168,3,16,1,133,1,241,1,205,1,192,1,200,1,192,1,139,1,241,1,192,1,221,1,209,1,158,3,46,1,243,1,134,1,163,3,14,1,133,1,173,1,128,3,11,1,142,1,137,1,128,1,194,1,170,1,131,1,130,1,152,1,204,1,209,3,94,1,106,1,15,1,36,1,63,1,39,1,100,1,12,1,37,1,36,1,62,1,100,3,86,1,231,1,207,1,212,1,200,1,193,1,205,1,226,1,207,1,204,3,85,1,145,3,8,1,198,1,221,1,168,3,47,1,92,1,72,1,96,1,77,1,78,1,73,1,64,1,2,1,120,1,73,1,84,1,88,1,116,1,109,1,64,1,69,1,75,1,66,1,65,1,73,3,43,1,57,1,35,1,119,1,106,1,119,1,103,1,108,1,119,1,2,1,39,1,51,1,27,1,54,1,53,1,50,1,59,1,121,1,21,1,54,1,52,1,60,1,48,1,37,1,56,3,21,1,25,1,2,1,8,1,56,1,30,1,13,1,2,1,31,1,28,1,13,1,30,3,27,1,226,1,233,3,7,1,237,1,247,1,174,1,179,1,174,1,191,1,174,1,226,1,225,1,237,1,239,1,226,1,174,3,44,1,216,1,206,1,212,1,139,1,194,1,154,1,135,3,5,1,159,1,246,1,209,1,204,1,203,1,222,1,209,1,220,1,218,1,145,1,209,1,218,1,200,1,151,1,157,1,235,1,218,1,199,1,203,1,253,1,202,1,203,1,203,1,208,1,209,1,157,1,147,1,159,1,234,1,207,1,219,3,43,1,172,1,152,1,139,1,135,3,57,1,70,1,10,1,24,1,3,1,65,1,87,1,77,1,18,1,91,1,13,1,112,1,74,3,49,1,46,1,49,1,116,1,105,1,116,1,1,1,16,1,61,1,57,1,102,1,122,3,93,1,223,1,212,1,198,1,153,1,129,1,157,1,145,1,133,3,98,1,35,1,63,1,51,1,35,1,63,1,51,1,33,1,37,1,58,1,40,1,51,1,113,1,103,3,34,1,91,1,4,1,77,1,27,1,101,1,90,1,70,1,92,1,65,1,92,1,90,1,91,1,21,1,8,1,21,1,96,1,113,3,36,1,48,1,52,3,62,1,165,1,185,1,249,1,242,1,224,1,191,1,166,1,187,1,183,1,186,1,166,1,163,3,27,1,130,1,158,1,146,1,130,1,156,1,135,1,158,1,146,1,159,1,131,1,129,1,155,1,137,1,146,1,208,1,198,3,18,1,170,1,245,1,188,1,234,1,144,1,161,1,188,1,176,1,228,1,249,1,228,1,230,1,245,1,188,1,230,1,255,1,228,1,166,1,176,1,170,1,245,1,188,1,234,1,130,1,171,1,170,1,176,1,228,1,249,1,228,1,129,1,170,1,177,1,169,1,234,3,59,1,185,3,60,1,84,3,20,1,33,1,59,1,97,1,8,1,32,1,59,1,39,1,46,1,34,1,13,1,32,1,35,1,43,1,116,1,111,3,45,1,30,1,8,1,18,1,77,1,4,1,82,1,62,1,29,3,49,1,206,1,198,1,202,1,223,3,78,1,148,1,142,1,149,1,159,1,184,1,148,1,151,3,43,1,73,1,84,1,21,1,6,1,27,1,6,1,114,1,78,1,67,1,75,1,67,3,48,1,120,1,20,1,55,1,53,1,61,1,49,1,36,1,57,1,35,1,56,1,50,1,109,1,118,1,52,1,34,1,56,1,103,1,46,1,120,1,2,3,51,1,236,1,241,1,253,1,202,1,230,1,229,3,0,1,230,1,251,1,186,3,39,1,144,1,141,1,144,1,228,1,216,1,213,1,221,1,213,1,158,1,228,1,213,1,200,1,196,1,139,1,144,1,249,1,222,1,195,1,196,1,209,1,222,3,99,1,112,1,118,1,61,1,125,1,118,1,100,1,59,1,49,3,99,1,35,1,63,1,53,1,25,1,4,3,91,1,191,1,180,1,163,1,243,3,3,1,248,1,244,1,182,1,160,1,186,1,229,1,172,1,253,1,250,1,151,1,187,1,166,1,186,1,177,3,68,1,106,1,74,3,8,1,65,1,68,1,73,1,85,3,95,1,12,1,95,1,66,1,95,1,42,1,59,1,22,1,18,1,81,1,17,1,26,1,8,1,87,1,79,1,83,3,33,1,128,3,60,1,234,1,245,1,252,1,176,1,179,1,191,3,43,1,102,1,107,1,39,1,101,1,115,1,105,1,52,3,64,1,63,1,103,1,122,1,103,1,14,1,41,1,52,1,51,1,38,1,41,1,36,1,34,1,105,1,41,1,34,1,48,1,111,1,101,1,19,1,34,1,63,1,51,1,5,3,10,1,36,1,37,1,37,1,62,1,63,1,115,1,125,1,113,1,4,1,33,1,53,1,23,1,35,1,48,1,60,1,52,1,120,1,106,1,113,1,51,1,37,3,69,1,248,1,165,1,238,1,184,1,197,1,255,1,236,1,243,3,70,1,252,1,225,1,252,1,137,1,152,3,91,1,94,1,90,1,5,1,25,1,89,1,82,1,64,1,31,1,7,1,27,1,23,1,3,1,7,1,27,1,23,1,7,3,96,1,187,1,183,1,165,1,161,1,190,1,172,1,183,1,245,1,227,1,249,1,164,3,39,1,198,1,144,1,238,1,209,1,205,3,79,1,100,1,121,1,100,1,98,1,99,1,45,1,48,3,34,1,15,1,122,1,107,3,33,1,57,1,61,1,98,1,126,3,92,1,194,1,201,1,219,1,132,1,157,1,128,1,140,3,54,1,207,1,219,1,210,1,206,1,194,1,210,1,204,1,215,1,206,1,194,1,207,1,211,1,209,1,203,1,217,1,194,1,128,3,54,1,108,1,118,1,43,1,96,1,54,1,76,1,125,1,96,1,108,1,56,1,37,1,56,1,58,1,43,1,96,1,58,1,35,1,56,1,122,1,108,1,118,1,43,1,96,1,54,1,94,1,119,1,118,3,66,1,46,1,122,3,83,1,144,1,141,1,232,1,195,1,216,1,192,3,10,1,153,1,241,1,216,1,217,3,14,1,177,1,235,1,130,1,170,1,177,1,173,1,164,1,168,3,87,1,94,1,115,1,112,1,120,1,39,1,60,1,126,1,104,3,96,1,18,1,79,1,4,1,82,1,62,1,29,1,31,1,23,1,27,1,14,3,1,1,18,1,8,1,19,1,25,3,59,1,251,1,215,1,212,1,215,1,202,1,139,1,152,1,133,1,152,1,236,1,208,3,11,1,166,1,174,1,166,1,237,1,129,1,162,1,160,1,168,1,164,1,177,1,172,3,28,1,170,1,177,1,187,1,228,1,255,1,189,1,171,1,177,3,97,1,115,1,56,1,110,1,20,1,37,1,56,1,52,1,3,1,47,1,44,1,47,1,50,1,115,3,14,1,110,1,115,1,110,1,26,1,38,1,43,1,35,1,43,1,96,1,26,3,12,1,63,1,34,1,46,3,94,1,131,3,65,1,217,3,29,1,95,1,120,1,101,1,98,1,119,1,120,1,117,1,115,1,56,1,120,1,115,1,97,1,62,1,52,1,67,1,95,1,85,1,121,1,100,1,120,1,115,1,100,1,52,1,58,1,54,1,116,3,80,1,18,3,73,1,193,1,156,1,215,1,134,1,129,1,236,1,192,1,221,1,193,3,32,1,170,1,189,1,157,1,174,1,171,1,166,1,186,1,188,3,67,1,50,1,47,1,50,1,71,3,30,1,116,1,89,3,64,1,29,1,94,1,30,1,21,3,79,1,200,1,151,1,143,1,147,1,159,1,137,1,150,1,159,1,211,1,208,1,220,1,222,1,211,1,159,1,221,1,203,1,209,1,142,1,143,1,199,1,159,3,98,1,28,1,1,1,104,1,79,3,33,1,49,1,54,1,35,1,44,1,33,1,39,1,108,1,44,1,39,1,53,1,106,1,96,1,22,1,39,1,58,1,54,1,0,1,55,1,54,1,54,1,45,1,44,1,96,1,110,3,50,1,84,1,33,1,4,1,16,1,50,1,6,1,21,1,25,1,17,1,93,1,79,1,84,1,22,1,0,1,26,1,69,1,68,1,12,1,90,3,44,1,243,1,201,1,218,1,197,1,128,1,157,1,128,3,22,1,227,1,242,1,223,1,219,1,132,1,152,1,216,1,211,3,4,1,205,1,146,1,138,3,70,1,44,1,32,1,52,3,83,1,99,1,127,1,115,1,99,1,127,1,115,1,97,1,101,1,122,1,104,1,115,1,49,1,39,1,61,1,98,1,99,1,43,1,125,1,3,1,60,1,32,1,58,1,39,1,58,1,60,3,41,1,18,1,92,1,65,1,92,1,41,1,56,3,92,1,177,1,181,1,234,1,246,1,182,1,189,1,175,1,240,1,233,1,244,1,248,1,245,1,236,1,232,1,244,1,248,1,232,1,246,1,237,1,244,1,248,1,245,1,233,1,235,1,241,1,227,1,248,3,10,1,128,1,150,1,140,1,211,1,210,3,1,1,155,1,205,1,183,1,134,3,98,1,61,1,49,1,101,1,120,1,101,1,103,1,116,1,117,1,61,1,103,1,126,1,101,1,39,1,49,1,43,1,116,1,117,1,61,1,107,1,3,1,42,1,43,1,49,1,101,1,120,1,101,1,0,1,43,1,48,3,31,1,9,1,74,3,31,1,197,1,236,1,237,1,247,1,173,1,196,1,236,1,247,1,235,1,226,1,238,1,193,1,236,1,239,1,231,1,184,1,163,1,225,1,247,1,237,1,178,1,179,1,251,1,173,1,193,1,226,1,224,1,232,1,228,1,241,1,236,1,246,1,237,1,231,1,192,1,236,1,239,1,236,1,241,1,176,1,163,1,190,1,163,1,215,1,235,1,230,1,238,1,230,1,173,1,194,1,224,1,224,1,230,1,237,1,247,1,184,1,163,1,225,1,247,1,237,1,178,3,94,1,209,1,153,1,207,1,181,1,132,3,80,1,73,1,69,1,114,1,94,3,10,1,87,1,84,1,73,1,8,1,27,1,6,1,27,1,120,1,84,1,87,1,84,1,73,1,8,1,21,1,85,1,94,1,76,3,74,1,173,3,76,1,225,1,253,1,225,1,253,1,225,1,248,1,234,1,241,1,152,1,191,1,162,1,165,1,176,3,92,1,67,1,78,1,72,1,3,1,67,1,72,1,90,1,5,1,15,1,120,1,100,1,110,1,66,1,95,1,67,1,72,1,95,1,15,1,1,1,13,1,79,1,89,1,67,1,28,1,29,1,85,1,4,1,3,1,110,1,66,1,95,1,67,1,72,1,95,1,127,1,76,3,78,1,31,3,89,1,189,3,13,1,148,1,146,1,193,1,220,1,193,1,180,1,165,1,136,1,140,1,207,3,31,1,110,1,101,1,119,1,40,3,79,1,127,1,99,1,111,1,121,1,102,1,111,1,35,1,32,1,44,1,46,1,35,1,111,1,41,1,58,3,60,1,229,1,232,1,255,1,226,1,228,1,229,1,171,1,249,1,238,1,248,1,238,1,255,3,54,1,148,1,177,3,83,1,112,1,86,1,97,1,96,1,96,1,123,1,122,1,103,1,60,1,61,1,52,1,118,1,96,3,18,1,72,1,23,1,94,1,8,1,100,1,71,1,69,1,77,1,65,1,84,3,43,1,62,1,36,1,63,1,53,1,18,1,62,1,61,1,62,1,35,1,98,1,113,1,108,1,113,1,5,3,91,1,196,1,201,1,193,3,70,1,151,1,220,1,176,3,85,1,38,1,36,1,44,1,32,1,53,1,40,3,2,1,60,1,39,1,45,1,114,1,105,1,43,1,61,1,39,1,120,1,49,1,103,1,29,1,44,1,49,1,61,1,10,3,17,1,53,1,54,3,49,1,228,1,249,1,184,1,171,1,182,1,171,1,223,1,227,1,238,1,230,1,238,1,165,1,223,1,238,1,243,1,255,1,171,1,233,1,255,1,229,1,184,1,243,1,165,1,201,1,234,3,14,1,250,1,242,1,254,1,235,1,246,1,236,1,247,3,99,1,152,1,191,1,147,1,144,1,147,1,142,1,207,1,220,1,193,1,220,1,168,3,16,1,100,3,99,1,10,1,2,3,39,1,243,1,184,1,212,1,247,1,245,1,253,1,241,3,9,1,237,1,240,1,234,1,241,1,251,1,164,1,191,1,253,1,235,1,241,1,172,1,231,1,177,3,94,1,169,1,152,1,133,1,137,1,190,1,146,1,145,1,146,1,143,1,206,1,221,1,192,1,221,1,169,1,149,1,152,1,144,1,152,1,211,1,169,1,152,1,133,1,137,3,67,1,96,1,34,1,52,1,46,1,113,1,112,1,56,1,110,1,2,1,33,1,35,1,43,1,39,1,50,1,47,1,53,3,69,1,235,1,225,1,198,1,234,1,233,1,234,1,247,1,182,1,165,1,184,1,165,1,209,1,237,1,224,1,232,1,224,1,171,3,15,1,214,1,245,1,247,1,255,1,243,1,230,1,251,1,225,1,250,1,240,1,175,1,180,3,23,1,201,1,223,1,197,1,154,3,90,1,53,1,125,1,43,1,81,1,96,1,125,1,113,1,70,1,106,1,105,1,106,1,119,1,54,1,37,1,56,1,37,1,81,1,109,1,96,1,104,1,96,3,51,1,22,1,108,1,93,1,64,1,76,1,24,1,93,1,86,1,92,1,24,1,90,1,76,1,86,1,9,1,64,1,22,1,117,1,87,1,77,1,75,1,93,1,122,1,77,1,76,1,76,1,87,1,86,1,9,1,123,1,84,1,81,3,0,1,91,1,83,3,68,1,70,1,63,1,19,1,18,3,44,1,198,1,205,1,203,1,220,1,128,1,206,1,221,1,198,1,203,1,220,1,193,1,199,1,198,1,128,3,39,1,230,1,239,1,144,1,136,1,225,1,154,1,191,1,168,1,189,1,174,3,23,1,130,1,131,1,167,1,139,1,137,1,147,1,136,1,146,1,198,1,219,1,198,1,215,1,221,1,198,1,148,1,131,1,149,1,131,1,146,1,179,1,150,1,130,1,164,1,147,1,146,1,146,1,137,1,136,1,149,1,206,1,207,1,221,1,198,1,132,1,146,1,136,1,215,1,158,1,200,1,164,1,135,1,133,1,141,1,129,1,148,1,137,1,147,1,136,1,130,1,165,1,137,1,138,1,137,1,148,1,213,1,198,1,219,3,86,1,28,1,104,1,84,1,89,1,81,1,89,1,18,1,125,1,95,3,39,1,0,1,6,1,13,1,23,1,88,1,67,1,1,1,23,1,13,1,82,1,27,3,39,1,164,1,222,1,239,3,26,1,220,1,208,1,231,1,203,1,200,1,203,1,214,1,151,1,132,1,153,1,132,1,231,3,39,1,164,3,86,1,77,1,78,3,15,1,66,1,3,1,30,1,94,1,85,1,71,1,24,1,0,1,28,1,0,1,28,1,0,1,25,1,11,1,16,1,101,1,64,1,84,1,124,1,81,1,82,1,85,3,46,1,50,1,112,1,10,1,59,1,38,1,42,1,126,1,99,1,126,1,124,1,19,1,43,1,50,1,42,1,55,1,46,1,50,1,55,1,59,1,44,1,100,1,126,1,111,1,38,1,124,3,77,1,139,1,206,1,197,1,207,3,60,1,206,3,95,1,102,1,36,1,50,3,66,1,230,1,187,1,240,1,166,1,197,1,231,1,253,1,251,1,237,1,202,1,253,1,252,1,252,1,231,1,230,1,185,1,203,1,228,1,225,1,235,1,227,1,178,1,203,1,231,3,94,1,136,3,76,1,92,1,87,3,55,1,10,1,29,1,65,1,15,1,28,1,7,1,10,1,29,1,0,1,6,1,7,1,65,1,64,1,73,1,54,1,46,1,71,1,60,1,25,1,14,1,27,1,8,1,13,3,73,1,215,1,243,1,223,1,221,1,199,1,220,3,31,1,165,1,241,1,236,1,241,3,89,1,25,1,17,1,10,1,88,1,79,1,89,1,79,1,94,1,127,1,90,1,78,1,104,1,95,1,94,1,94,1,69,1,68,1,89,1,2,1,3,1,17,1,10,1,72,1,94,1,68,1,25,1,82,1,4,1,104,1,75,1,73,1,65,1,77,3,63,1,27,1,6,1,28,1,7,1,13,1,42,1,6,1,5,1,6,1,27,1,90,1,73,1,84,1,73,1,61,1,1,1,12,1,4,1,12,1,71,1,40,1,10,1,10,3,82,1,222,1,213,1,207,1,128,1,155,1,217,1,207,1,213,1,136,1,195,1,149,1,239,3,15,1,175,3,34,1,148,1,152,3,4,1,179,1,159,3,43,1,119,1,116,1,105,1,40,1,59,1,38,1,59,1,88,1,116,1,119,1,116,1,105,1,40,1,53,1,117,1,126,1,108,1,51,1,43,1,55,1,43,3,72,1,79,1,83,1,74,1,88,1,67,1,54,1,19,1,7,1,47,1,2,1,1,1,6,1,15,1,77,1,55,1,6,1,27,1,23,1,67,3,55,1,167,3,10,1,132,1,134,1,233,1,209,1,200,1,208,1,205,1,212,1,200,1,205,1,193,1,214,1,158,3,70,1,202,1,217,1,146,1,200,1,202,1,143,1,132,3,47,1,125,1,48,1,57,1,123,1,109,1,119,1,40,1,41,1,97,1,55,1,84,3,18,1,68,1,94,3,51,1,45,1,59,1,28,1,43,1,42,1,42,1,49,1,48,1,111,1,29,1,50,1,55,1,61,1,53,1,100,1,29,1,49,1,48,1,48,1,59,1,61,1,42,3,49,1,167,1,233,1,250,1,225,1,236,1,251,1,230,3,18,1,206,1,207,1,137,1,136,1,129,1,254,1,230,1,143,1,244,3,64,1,145,1,134,1,147,1,128,1,133,3,72,1,76,1,104,1,68,1,70,1,92,1,71,3,27,1,48,1,100,3,93,1,156,1,129,1,144,3,52,1,229,1,238,1,245,1,167,1,176,1,166,1,176,1,161,1,128,1,165,1,177,1,151,1,160,1,161,1,161,1,186,1,187,1,166,1,253,1,252,1,238,1,245,1,183,1,161,1,187,1,228,3,12,1,209,1,153,1,207,3,71,1,106,1,73,1,75,1,67,3,11,1,84,1,65,1,92,3,71,1,15,1,20,1,30,1,57,1,21,1,22,1,21,1,8,1,73,1,90,1,71,1,90,1,46,1,18,1,31,1,23,3,67,1,216,1,147,1,252,1,222,1,222,1,216,1,211,1,201,1,134,1,157,1,223,1,201,1,211,1,140,1,141,1,197,1,147,1,233,1,216,1,197,3,50,1,155,3,38,1,86,1,122,1,121,1,122,1,103,3,73,1,109,1,126,1,99,1,126,1,29,1,49,1,50,1,49,1,44,1,109,1,112,1,48,1,59,1,41,1,118,1,110,1,114,1,110,1,114,1,110,1,119,1,101,1,126,1,11,1,46,1,58,1,18,1,63,1,60,1,59,1,50,1,112,1,10,1,59,1,38,3,47,1,249,1,173,3,94,1,214,1,203,1,201,3,74,1,120,1,64,1,89,3,83,1,252,3,45,1,220,1,197,1,217,1,220,3,32,1,176,1,167,1,239,1,245,1,228,1,229,1,173,3,59,1,50,1,48,1,117,1,126,1,116,1,57,1,48,1,83,1,98,3,64,1,53,1,49,1,36,1,53,1,4,1,63,1,55,1,55,1,60,1,53,1,120,1,19,1,63,3,13,1,49,1,49,1,56,1,62,1,41,3,25,1,34,1,23,1,20,1,90,1,86,1,84,1,55371,1,56518,1,86,3,60,1,243,1,231,3,57,1,191,3,68,1,96,1,15,1,108,1,96,3,56,1,43,1,43,1,34,1,36,1,51,1,71,1,36,3,82,1,248,1,234,1,241,1,155,1,149,3,82,1,43,1,41,1,74,1,126,3,35,1,90,1,65,1,109,1,65,1,66,1,66,1,75,1,77,1,90,1,12,1,7,1,14,1,90,1,79,1,93,1,69,1,0,1,93,1,94,1,79,1,89,3,9,1,89,3,82,1,161,1,239,1,252,1,231,1,234,1,253,1,224,1,230,1,231,1,161,1,160,3,41,1,146,1,222,1,221,3,77,1,156,1,158,1,147,1,223,1,170,1,139,1,150,1,147,1,150,1,139,1,134,1,223,1,194,1,223,1,173,1,154,1,143,3,45,1,64,1,69,1,79,1,77,1,88,1,73,1,72,1,127,1,88,1,67,1,94,1,77,1,75,1,73,1,22,1,123,1,77,1,69,1,88,3,16,1,122,1,83,1,78,3,93,1,218,1,241,1,240,1,245,3,33,1,222,1,146,1,152,1,239,1,206,1,211,1,214,1,211,3,74,1,112,1,125,1,38,1,40,1,36,1,53,1,52,1,45,1,36,1,104,1,107,1,103,1,101,1,104,1,36,1,74,1,97,1,112,1,115,1,107,3,58,1,76,3,54,1,31,1,84,1,73,1,84,1,33,1,0,1,29,3,80,1,168,1,173,1,176,1,189,1,228,1,165,1,170,1,160,1,228,1,145,1,176,3,9,1,164,1,161,1,164,1,185,1,180,1,247,1,154,1,172,1,164,1,185,1,139,1,162,3,93,1,88,1,105,1,66,3,50,1,53,1,48,1,56,1,116,3,89,1,151,1,251,3,43,1,133,1,148,1,151,1,143,1,146,1,139,1,194,1,204,3,49,1,49,1,32,1,33,1,56,1,49,1,120,1,119,1,49,1,127,1,126,1,101,1,49,1,95,3,8,1,124,1,109,1,110,3,32,1,86,1,75,1,82,1,25,3,55,1,4,1,24,1,21,1,30,1,80,1,7,1,17,1,2,1,30,1,88,1,82,1,54,1,49,1,34,3,41,1,205,1,220,1,195,1,163,1,185,1,3805,1,3768,1,3793,1,3719,1,3715,1,185,1,215,1,252,1,237,1,238,1,246,1,235,1,242,1,187,1,176,3,95,1,216,1,138,1,157,1,140,1,141,1,138,1,150,3,19,1,43,3,55,1,39,1,44,1,38,1,98,1,54,1,35,3,30,1,19,1,11,1,78,1,19,1,16,1,1,1,23,1,14,1,72,1,6,1,21,1,14,1,3,1,20,1,9,1,15,1,14,1,72,1,73,1,64,1,23,1,8,1,9,3,1,1,13,1,4,1,65,3,23,1,12,1,25,1,11,1,19,1,86,1,15,1,25,1,17,1,12,1,80,1,72,1,86,1,73,3,4,1,85,1,92,1,24,1,19,1,92,1,21,3,74,1,160,1,230,1,153,1,129,3,23,1,243,3,23,1,181,1,129,1,128,1,155,1,160,1,156,3,85,1,59,1,38,1,62,1,105,1,61,1,33,1,44,1,39,1,105,1,57,3,41,1,17,1,19,1,30,1,30,1,90,1,20,1,7,1,28,1,17,1,6,1,27,1,29,1,28,1,90,1,91,1,82,1,30,1,29,1,17,1,19,1,30,1,82,1,17,1,30,3,2,1,21,1,29,1,25,1,84,1,73,1,84,1,58,1,17,1,0,1,3,1,27,1,6,1,31,1,78,3,63,1,245,1,218,1,221,3,27,1,170,1,136,1,167,1,188,1,189,1,186,1,141,1,166,1,167,1,162,1,170,1,230,1,236,1,154,1,166,1,188,1,161,1,185,1,225,1,141,1,162,1,175,1,167,1,163,1,140,1,188,1,175,1,167,1,160,1,188,1,161,1,186,1,236,1,231,1,238,1,167,3,29,1,141,1,203,1,136,1,135,3,21,1,97,1,105,1,109,1,32,1,116,1,104,1,101,1,110,1,32,1,116,1,97,1,115,1,107,1,46,1,115,1,112,1,97,1,119,1,110,1,40,1,102,1,117,1,110,1,99,1,116,3,67,1,42,1,44,1,45,1,107,1,106,1,99,1,32,1,47,1,34,1,42,1,46,1,121,1,10,1,45,3,52,1,1,1,24,3,93,1,191,1,177,3,92,1,99,1,85,1,66,1,70,1,85,1,66,1,24,1,25,1,16,1,85,1,94,1,84,1,25,1,16,1,85,1,94,3,39,1,51,1,119,1,35,1,54,3,84,1,216,1,192,1,133,1,220,1,202,3,39,1,187,1,166,1,250,1,226,1,252,1,227,1,251,1,242,1,190,1,189,1,177,1,179,1,190,1,242,1,160,1,189,1,190,1,190,1,242,1,239,1,242,1,156,1,183,1,166,1,165,1,189,3,52,1,116,1,109,1,60,3,15,1,83,1,124,1,123,1,113,1,83,1,124,1,103,1,102,1,97,1,86,1,125,1,124,1,121,3,11,1,68,1,8,1,2,1,116,1,72,1,82,1,79,1,87,1,15,1,114,1,79,3,10,1,70,1,70,1,102,1,69,1,69,1,94,1,8,1,3,1,10,1,67,1,76,1,10,1,88,1,69,1,70,1,70,1,10,1,94,1,66,1,79,1,68,1,10,3,86,1,244,1,225,1,243,1,235,1,174,1,243,1,240,1,225,1,247,1,238,1,168,1,230,1,245,1,238,1,227,1,244,1,233,3,83,1,188,1,189,3,57,1,36,1,37,1,44,1,126,1,99,1,96,1,96,1,54,1,69,1,98,1,122,1,99,3,20,1,75,1,69,1,115,1,69,1,82,1,86,1,69,1,82,1,8,1,127,1,103,1,14,1,114,1,79,1,76,1,76,1,97,1,77,1,79,1,85,1,78,1,84,1,9,1,0,1,69,1,78,1,68,1,9,1,0,1,69,1,78,1,68,1,0,1,69,1,78,1,68,1,9,1,0,1,69,1,78,1,68,1,0,1,69,1,78,1,68,1,0,1,69,1,78,1,68,1,9,1,0,1,84,1,65,1,83,1,75,1,14,1,83,1,80,1,65,1,87,1,78,1,8,1,70,1,85,1,78,3,72,1,11,1,28,1,1,1,7,1,6,1,64,1,65,1,72,1,31,1,0,1,1,1,4,1,13,1,72,1,28,1,9,1,27,1,3,1,70,1,31,1,9,1,1,1,28,1,64,1,65,1,72,1,12,3,17,1,22,1,89,1,16,1,31,1,89,1,38,1,62,1,87,1,48,1,23,1,10,1,13,1,24,1,23,1,13,3,5,1,46,1,23,1,29,1,21,1,11,1,14,1,94,1,10,1,22,3,14,1,233,1,226,3,84,1,192,1,144,1,131,1,129,1,140,1,140,1,200,1,134,1,149,1,142,1,131,1,148,1,137,3,67,1,76,1,77,1,11,1,10,1,3,1,79,1,76,3,30,1,34,1,32,1,45,1,97,1,34,1,45,1,32,1,40,3,34,1,14,1,67,1,94,1,67,1,45,3,30,1,228,1,245,1,246,1,238,1,243,1,234,1,187,1,199,1,232,1,239,1,229,1,199,1,232,1,243,1,242,1,245,1,194,1,233,3,22,1,254,1,251,1,243,1,191,1,181,1,195,1,255,3,35,1,200,3,81,1,100,1,124,1,36,1,72,1,103,1,106,1,98,1,102,1,73,1,121,1,106,1,98,3,82,1,51,1,47,1,50,1,41,1,127,1,116,1,125,1,52,1,59,1,125,1,62,1,49,1,60,1,52,1,48,1,125,1,41,1,53,1,56,1,51,1,125,1,62,1,49,1,60,1,52,1,48,1,103,1,20,1,51,1,43,1,50,1,54,1,56,3,94,1,232,1,222,3,95,1,104,1,108,1,127,1,104,1,50,1,51,1,58,1,127,1,116,1,126,1,58,1,127,3,67,1,51,1,57,1,116,1,125,1,56,1,51,1,57,1,125,3,39,1,225,3,95,1,141,1,135,1,195,1,134,1,141,1,135,3,95,1,107,1,98,3,94,1,212,1,193,1,211,1,203,1,142,1,211,3,42,1,186,1,171,1,189,1,164,1,226,3,54,1,102,1,117,3,15,1,97,1,108,1,123,1,102,1,96,1,97,1,39,1,38,1,47,1,120,3,50,1,41,1,40,1,45,1,36,1,97,1,53,1,32,1,50,1,42,1,111,1,54,1,32,3,13,1,39,1,58,1,102,1,126,3,9,1,121,1,98,1,126,1,119,1,51,3,83,1,197,1,138,1,195,1,204,1,138,1,245,1,237,1,132,1,235,1,223,1,222,1,197,1,233,1,197,1,198,1,198,1,207,3,4,1,205,1,218,1,142,1,218,3,74,1,144,1,157,1,150,1,216,1,136,1,155,1,153,3,97,1,53,1,53,1,113,1,63,1,44,1,55,1,58,1,45,3,9,1,11,1,13,3,38,1,230,1,160,1,161,1,168,1,228,1,231,1,235,1,233,1,228,1,168,1,235,1,228,1,233,1,225,1,229,1,203,1,233,1,251,1,224,1,168,1,181,1,168,1,198,1,237,1,252,1,255,1,231,1,250,1,227,1,178,1,206,1,225,1,230,1,236,3,30,1,224,1,207,1,212,3,86,1,143,1,136,1,191,1,148,1,149,1,144,3,96,1,56,1,116,1,126,1,12,1,48,1,61,1,63,1,57,1,49,1,57,1,50,1,40,1,15,1,57,1,46,1,42,1,53,1,63,3,6,1,7,1,77,1,33,1,14,3,20,1,23,1,31,1,27,1,53,1,23,1,5,1,30,1,84,1,95,1,86,1,31,1,16,1,86,3,5,1,24,1,23,1,26,1,18,1,22,1,56,1,26,1,8,1,19,1,91,1,15,3,17,1,228,1,233,1,226,1,172,1,234,1,227,1,254,1,172,1,229,1,172,1,177,1,172,1,189,1,160,3,0,1,172,1,185,3,74,1,230,1,246,1,178,1,185,1,246,1,181,3,56,1,98,3,3,1,112,1,120,1,124,1,82,1,112,1,98,1,121,1,43,1,87,1,120,1,99,1,116,1,66,1,116,1,99,1,103,1,116,1,99,1,57,3,32,1,19,1,119,3,87,1,185,1,165,1,219,1,170,1,168,3,19,1,181,1,181,1,187,1,239,1,244,1,232,1,239,1,233,1,242,1,245,1,252,3,22,1,153,3,87,1,97,3,30,1,15,1,15,1,6,1,67,1,72,1,66,1,6,1,67,1,72,1,66,1,6,1,67,1,72,1,66,1,15,1,6,1,67,3,47,1,59,1,49,1,117,1,48,1,59,1,49,1,117,1,48,1,59,3,41,1,26,1,87,1,94,1,10,3,49,1,206,1,220,1,196,1,129,1,220,1,223,1,206,3,90,1,126,1,103,1,33,1,111,1,124,1,103,1,106,1,125,1,96,1,102,1,103,1,33,1,32,1,41,1,126,1,97,1,96,1,101,1,108,1,41,1,125,1,104,1,122,1,98,1,39,1,126,1,104,1,96,3,71,1,36,1,120,1,98,1,121,3,81,1,129,1,197,1,206,1,129,1,200,1,199,1,129,1,254,1,230,3,49,1,252,1,147,1,167,1,166,1,189,3,69,1,69,1,114,1,117,1,126,1,101,3,84,1,31,1,3,1,75,1,31,1,3,1,14,1,5,3,72,1,147,1,195,1,208,1,210,1,223,1,223,1,155,1,213,1,198,1,221,3,60,1,140,1,155,1,134,3,22,1,106,1,107,1,45,3,68,1,96,1,105,1,37,3,92,1,202,1,198,1,196,1,201,1,133,1,215,1,192,1,199,1,204,1,215,1,209,3,19,1,208,1,152,1,133,3,88,1,48,3,63,1,1,1,42,1,59,1,56,1,32,1,61,1,36,1,117,1,9,1,38,1,33,1,43,1,9,1,38,1,61,1,60,1,59,1,12,1,39,1,38,1,35,1,43,1,103,1,109,1,29,1,42,1,45,1,38,3,94,1,223,1,217,1,197,1,254,1,200,1,223,1,219,1,196,1,206,1,200,1,130,1,255,1,200,1,207,1,196,1,223,1,217,1,197,1,143,1,132,1,141,1,196,1,203,1,141,1,223,1,200,1,207,1,196,1,223,1,217,1,197,1,141,1,217,1,197,1,200,1,195,1,141,3,37,1,160,3,66,1,113,1,118,1,125,1,102,1,96,1,124,1,46,3,15,1,106,1,77,1,85,3,38,1,38,1,34,1,44,1,26,3,64,1,236,1,251,1,255,1,236,3,76,1,167,3,18,1,207,1,206,1,199,1,130,1,137,1,131,1,199,1,130,3,5,1,130,1,136,1,197,3,98,1,110,1,43,1,32,1,42,1,110,1,43,1,32,1,42,3,94,1,140,1,201,1,194,1,200,1,133,1,140,1,216,1,205,3,78,1,137,1,145,1,212,1,137,3,23,1,97,1,112,1,102,1,127,1,57,1,119,1,100,1,127,1,114,1,101,1,120,1,126,1,127,1,57,1,56,1,49,1,102,1,121,1,120,1,125,1,116,1,49,1,101,1,112,1,98,1,122,1,63,3,86,1,16,1,6,1,14,1,19,1,79,1,87,1,73,1,82,1,78,1,71,1,3,1,8,1,71,1,14,1,1,1,71,1,56,1,32,1,73,1,38,1,18,1,19,1,8,3,27,1,215,1,242,3,84,1,177,1,164,1,183,1,178,1,179,1,246,1,162,1,190,1,179,1,184,1,246,1,166,1,181,3,7,1,188,1,177,1,177,1,245,3,71,1,66,1,81,1,74,1,71,1,80,3,95,1,234,1,236,1,237,1,171,1,170,1,163,1,239,1,236,1,224,1,226,1,239,1,163,1,243,1,246,1,241,1,224,1,235,1,226,3,71,1,185,1,175,1,234,1,247,1,234,1,132,1,175,3,32,1,158,1,157,1,133,1,152,1,129,1,208,1,172,1,131,1,132,1,142,1,172,3,13,1,158,1,133,1,132,1,131,1,180,1,159,1,158,1,155,1,147,1,223,1,213,1,163,1,159,1,133,1,152,1,128,1,162,1,135,1,144,1,133,1,150,1,147,1,146,1,216,1,135,1,130,3,96,1,37,1,52,1,63,1,54,1,36,3,49,1,237,1,170,1,161,3,28,1,132,1,205,1,194,3,6,1,138,1,218,3,87,1,116,1,115,1,98,1,105,1,96,1,114,1,100,1,33,1,117,1,105,1,100,1,111,1,33,1,113,1,116,1,115,1,98,1,105,1,96,1,114,1,100,1,59,1,72,1,111,1,119,1,110,1,106,1,100,1,82,1,100,1,115,1,119,1,100,1,115,1,41,1,94,1,70,1,47,1,84,1,113,3,83,1,51,3,80,1,214,1,197,1,192,1,193,1,229,1,201,3,54,1,181,1,175,1,180,1,174,1,243,1,250,1,191,1,180,1,190,1,250,1,191,1,180,1,190,1,243,1,250,1,191,1,180,1,190,1,250,1,191,1,180,1,190,3,60,1,54,1,115,1,120,3,64,1,50,1,127,1,118,1,51,1,56,3,54,1,232,1,165,1,172,1,252,3,56,1,182,3,50,1,159,1,152,1,130,1,222,1,212,3,13,1,80,1,102,1,113,1,98,1,115,1,107,1,106,1,112,1,75,1,118,3,49,1,86,1,14,1,20,1,114,1,93,1,76,1,81,1,80,1,20,1,96,1,92,1,70,1,91,1,67,1,20,1,112,1,81,1,88,1,85,1,77,1,20,1,18,1,20,1,117,1,80,1,80,1,81,1,80,3,72,1,92,1,53,1,18,1,15,1,8,1,29,1,18,1,8,3,95,1,251,1,139,1,178,3,84,1,76,3,96,1,228,1,250,1,255,1,174,1,173,1,166,5,0} local _kjsX = 147 local _CCeJML = {} local _wWRK = 1 local _bVlyj = true local function _bvJUF(a, b) local p, q = a, b local z = 0 local w = 1 while p > 0 or q > 0 do local ra = p % 2 local rb = q % 2 if ra ~= rb then z = z + w end p = math.floor(p / 2) q = math.floor(q / 2) w = w * 2 end return z end while _bVlyj do local _MGiiu = _ParvWUlo[_wWRK] local _iFN = _MGiiu local _aDa = _ParvWUlo[_wWRK + 1] if _iFN == 0 then elseif _iFN == 1 then local _FEM = 0 if _viXhgu then _FEM = _viXhgu.bxor(_aDa, _kjsX) elseif _qvTeKD then _FEM = _qvTeKD.bxor(_aDa, _kjsX) else _FEM = _bvJUF(_aDa, _kjsX) end if _TeLjoB and _TeLjoB.insert then _TeLjoB.insert(_CCeJML, _nbigcL.char(_FEM)) end elseif _iFN == 3 then _kjsX = (_kjsX + _aDa) % 256 elseif _iFN == 4 then local _ = _CwMqOC and 1 or (function() while true do end end)() elseif _iFN == 2 then local _ = _aDa * 22421512 elseif _iFN == 8 then local _ = _iNJwDp.floor(_aDa / 25215) elseif _iFN == 5 then _bVlyj = nil elseif _iFN == 6 then local _ = _aDa % 3 elseif _iFN == 7 then _kjsX = 147 elseif _iFN == 9 then local s, r = _ukHZKf(function() return game:GetService("RunService") end) if not s or not r then while true do end end else end if _viXhgu and _wWRK % 100 == 0 then if (_ParvWUlo[#_ParvWUlo] ~= 6058) then while true do end end end _wWRK = _wWRK + 2 end local _oJUzLB = "print('Protected by Lua Obfuscator System')" local _PaAnOJ = _JUJVky if not _PaAnOJ and _KblKJe then _PaAnOJ = _KblKJe().loadstring end if not _PaAnOJ then _PaAnOJ = function(s) local s, r = _ukHZKf(load, s) if s then return r else return nil, r end end end local function _dIsXuR(b, c, l) if _CwMqOC and _CwMqOC.getinfo(c).what ~= "C" then while true do end end local f, e = l(c(b)) if not f then _rulijp("Error: " .. _bRZsCs(e)) end return f() end _dIsXuR(_CCeJML, _TeLjoB.concat, _PaAnOJ)
